 This is Figure 3                                                                
         117
   10.0000000       0.00000000       0.00000000       0.00000000       0.00000000       1.54999995    
   1.43750000      0.120000005      0.620000005    
  -0.1240E+01  -0.1240E+01  -0.6200E+00   0.2120E+00
  -0.1240E+01  -0.1240E+01   0.0000E+00   0.3058E+00
  -0.1240E+01  -0.1240E+01   0.6200E+00   0.2120E+00
  -0.1240E+01  -0.6200E+00  -0.1240E+01   0.2120E+00
  -0.1240E+01  -0.6200E+00  -0.6200E+00   0.4986E+00
  -0.1240E+01  -0.6200E+00   0.0000E+00   0.5618E+00
  -0.1240E+01  -0.6200E+00   0.6200E+00   0.4986E+00
  -0.1240E+01  -0.6200E+00   0.1240E+01   0.2120E+00
  -0.1240E+01   0.0000E+00  -0.1240E+01   0.3058E+00
  -0.1240E+01   0.0000E+00  -0.6200E+00   0.5618E+00
  -0.1240E+01   0.0000E+00   0.0000E+00   0.6200E+00
  -0.1240E+01   0.0000E+00   0.6200E+00   0.5618E+00
  -0.1240E+01   0.0000E+00   0.1240E+01   0.3058E+00
  -0.1240E+01   0.6200E+00  -0.1240E+01   0.2120E+00
  -0.1240E+01   0.6200E+00  -0.6200E+00   0.4986E+00
  -0.1240E+01   0.6200E+00   0.0000E+00   0.5618E+00
  -0.1240E+01   0.6200E+00   0.6200E+00   0.4986E+00
  -0.1240E+01   0.6200E+00   0.1240E+01   0.2120E+00
  -0.1240E+01   0.1240E+01  -0.6200E+00   0.2120E+00
  -0.1240E+01   0.1240E+01   0.0000E+00   0.3058E+00
  -0.1240E+01   0.1240E+01   0.6200E+00   0.2120E+00
  -0.6200E+00  -0.1240E+01  -0.1240E+01   0.2120E+00
  -0.6200E+00  -0.1240E+01  -0.6200E+00   0.4986E+00
  -0.6200E+00  -0.1240E+01   0.0000E+00   0.5618E+00
  -0.6200E+00  -0.1240E+01   0.6200E+00   0.4986E+00
  -0.6200E+00  -0.1240E+01   0.1240E+01   0.2120E+00
  -0.6200E+00  -0.6200E+00  -0.1240E+01   0.4986E+00
  -0.6200E+00  -0.6200E+00  -0.6200E+00   0.6200E+00
  -0.6200E+00  -0.6200E+00   0.0000E+00   0.6200E+00
  -0.6200E+00  -0.6200E+00   0.6200E+00   0.6200E+00
  -0.6200E+00  -0.6200E+00   0.1240E+01   0.4986E+00
  -0.6200E+00   0.0000E+00  -0.1240E+01   0.5618E+00
  -0.6200E+00   0.0000E+00  -0.6200E+00   0.6200E+00
  -0.6200E+00   0.0000E+00   0.0000E+00   0.6200E+00
  -0.6200E+00   0.0000E+00   0.6200E+00   0.6200E+00
  -0.6200E+00   0.0000E+00   0.1240E+01   0.5618E+00
  -0.6200E+00   0.6200E+00  -0.1240E+01   0.4986E+00
  -0.6200E+00   0.6200E+00  -0.6200E+00   0.6200E+00
  -0.6200E+00   0.6200E+00   0.0000E+00   0.6200E+00
  -0.6200E+00   0.6200E+00   0.6200E+00   0.6200E+00
  -0.6200E+00   0.6200E+00   0.1240E+01   0.4986E+00
  -0.6200E+00   0.1240E+01  -0.1240E+01   0.2120E+00
  -0.6200E+00   0.1240E+01  -0.6200E+00   0.4986E+00
  -0.6200E+00   0.1240E+01   0.0000E+00   0.5618E+00
  -0.6200E+00   0.1240E+01   0.6200E+00   0.4986E+00
  -0.6200E+00   0.1240E+01   0.1240E+01   0.2120E+00
   0.0000E+00  -0.1240E+01  -0.1240E+01   0.3058E+00
   0.0000E+00  -0.1240E+01  -0.6200E+00   0.5618E+00
   0.0000E+00  -0.1240E+01   0.0000E+00   0.6200E+00
   0.0000E+00  -0.1240E+01   0.6200E+00   0.5618E+00
   0.0000E+00  -0.1240E+01   0.1240E+01   0.3058E+00
   0.0000E+00  -0.6200E+00  -0.1240E+01   0.5618E+00
   0.0000E+00  -0.6200E+00  -0.6200E+00   0.6200E+00
   0.0000E+00  -0.6200E+00   0.0000E+00   0.6200E+00
   0.0000E+00  -0.6200E+00   0.6200E+00   0.6200E+00
   0.0000E+00  -0.6200E+00   0.1240E+01   0.5618E+00
   0.0000E+00   0.0000E+00  -0.1240E+01   0.6200E+00
   0.0000E+00   0.0000E+00  -0.6200E+00   0.6200E+00
   0.0000E+00   0.0000E+00   0.0000E+00   0.6200E+00
   0.0000E+00   0.0000E+00   0.6200E+00   0.6200E+00
   0.0000E+00   0.0000E+00   0.1240E+01   0.6200E+00
   0.0000E+00   0.6200E+00  -0.1240E+01   0.5618E+00
   0.0000E+00   0.6200E+00  -0.6200E+00   0.6200E+00
   0.0000E+00   0.6200E+00   0.0000E+00   0.6200E+00
   0.0000E+00   0.6200E+00   0.6200E+00   0.6200E+00
   0.0000E+00   0.6200E+00   0.1240E+01   0.5618E+00
   0.0000E+00   0.1240E+01  -0.1240E+01   0.3058E+00
   0.0000E+00   0.1240E+01  -0.6200E+00   0.5618E+00
   0.0000E+00   0.1240E+01   0.0000E+00   0.6200E+00
   0.0000E+00   0.1240E+01   0.6200E+00   0.5618E+00
   0.0000E+00   0.1240E+01   0.1240E+01   0.3058E+00
   0.6200E+00  -0.1240E+01  -0.1240E+01   0.2120E+00
   0.6200E+00  -0.1240E+01  -0.6200E+00   0.4986E+00
   0.6200E+00  -0.1240E+01   0.0000E+00   0.5618E+00
   0.6200E+00  -0.1240E+01   0.6200E+00   0.4986E+00
   0.6200E+00  -0.1240E+01   0.1240E+01   0.2120E+00
   0.6200E+00  -0.6200E+00  -0.1240E+01   0.4986E+00
   0.6200E+00  -0.6200E+00  -0.6200E+00   0.6200E+00
   0.6200E+00  -0.6200E+00   0.0000E+00   0.6200E+00
   0.6200E+00  -0.6200E+00   0.6200E+00   0.6200E+00
   0.6200E+00  -0.6200E+00   0.1240E+01   0.4986E+00
   0.6200E+00   0.0000E+00  -0.1240E+01   0.5618E+00
   0.6200E+00   0.0000E+00  -0.6200E+00   0.6200E+00
   0.6200E+00   0.0000E+00   0.0000E+00   0.6200E+00
   0.6200E+00   0.0000E+00   0.6200E+00   0.6200E+00
   0.6200E+00   0.0000E+00   0.1240E+01   0.5618E+00
   0.6200E+00   0.6200E+00  -0.1240E+01   0.4986E+00
   0.6200E+00   0.6200E+00  -0.6200E+00   0.6200E+00
   0.6200E+00   0.6200E+00   0.0000E+00   0.6200E+00
   0.6200E+00   0.6200E+00   0.6200E+00   0.6200E+00
   0.6200E+00   0.6200E+00   0.1240E+01   0.4986E+00
   0.6200E+00   0.1240E+01  -0.1240E+01   0.2120E+00
   0.6200E+00   0.1240E+01  -0.6200E+00   0.4986E+00
   0.6200E+00   0.1240E+01   0.0000E+00   0.5618E+00
   0.6200E+00   0.1240E+01   0.6200E+00   0.4986E+00
   0.6200E+00   0.1240E+01   0.1240E+01   0.2120E+00
   0.1240E+01  -0.1240E+01  -0.6200E+00   0.2120E+00
   0.1240E+01  -0.1240E+01   0.0000E+00   0.3058E+00
   0.1240E+01  -0.1240E+01   0.6200E+00   0.2120E+00
   0.1240E+01  -0.6200E+00  -0.1240E+01   0.2120E+00
   0.1240E+01  -0.6200E+00  -0.6200E+00   0.4986E+00
   0.1240E+01  -0.6200E+00   0.0000E+00   0.5618E+00
   0.1240E+01  -0.6200E+00   0.6200E+00   0.4986E+00
   0.1240E+01  -0.6200E+00   0.1240E+01   0.2120E+00
   0.1240E+01   0.0000E+00  -0.1240E+01   0.3058E+00
   0.1240E+01   0.0000E+00  -0.6200E+00   0.5618E+00
   0.1240E+01   0.0000E+00   0.0000E+00   0.6200E+00
   0.1240E+01   0.0000E+00   0.6200E+00   0.5618E+00
   0.1240E+01   0.0000E+00   0.1240E+01   0.3058E+00
   0.1240E+01   0.6200E+00  -0.1240E+01   0.2120E+00
   0.1240E+01   0.6200E+00  -0.6200E+00   0.4986E+00
   0.1240E+01   0.6200E+00   0.0000E+00   0.5618E+00
   0.1240E+01   0.6200E+00   0.6200E+00   0.4986E+00
   0.1240E+01   0.6200E+00   0.1240E+01   0.2120E+00
   0.1240E+01   0.1240E+01  -0.6200E+00   0.2120E+00
   0.1240E+01   0.1240E+01   0.0000E+00   0.3058E+00
   0.1240E+01   0.1240E+01   0.6200E+00   0.2120E+00
   1.83132927E+34
   15.5985308    
