0, 0, 0, 0(108.07868215781549+0j)
0, 0, 0, 1(-0.9843719925328654-1.6263032587282567e-19j)
0, 0, 0, 2(-1.0108345544473507+0.0032960464213913562j)
0, 0, 1, 0(96.14596994504086-0.02867625816920837j)
0, 0, 1, 1(-1.287006967453071+0.031084784655185008j)
0, 0, 1, 2(-2.1255550705911492+0.03626930325034397j)
0, 0, 2, 0(96.14302408128042-0.02892888645418921j)
0, 0, 2, 1(-0.5008222521739176-0.03018143462865316j)
0, 0, 2, 2(-2.1160233453564405+0.034871579000477985j)
0, 0, 3, 0(96.25894208962492-0.13710187264763016j)
0, 0, 3, 1(-0.9049547575589151-0.0011701097793210854j)
0, 0, 3, 2(1.5207645198725268-0.07003931067144002j)
0, 0, 4, 0(71.72009945301063+0.003634879753834766j)
0, 0, 4, 1(-1.4087487793011777+0.05176689439997221j)
0, 0, 4, 2(-1.701772812243206-0.00431851195035114j)
0, 0, 5, 0(71.71476297003899+0.003176777410949202j)
0, 0, 5, 1(-0.0057822965169072385-0.05129085662971482j)
0, 0, 5, 2(-1.6933082940644815-0.006175679430975127j)
0, 0, 6, 0(71.77786566288557-0.20771020352666014j)
0, 0, 6, 1(-0.7177235722191603-0.0012604721329868814j)
0, 0, 6, 2(1.3080096816012479+6.3627596177950885e-09j)
0, 0, 7, 0(50.376255068530114+0.12726825441840067j)
0, 0, 7, 1(-0.8547144153147068+0.01985779276174776j)
0, 0, 7, 2(-0.814048477259916-0.03939254920782427j)
0, 0, 8, 0(50.37385551244479+0.12706295764011158j)
0, 0, 8, 1(-0.23944092119745966-0.02020163007792478j)
0, 0, 8, 2(-0.8098199584733314-0.04044807115852451j)
0, 0, 9, 0(50.38421620405319+0.05419225424814349j)
0, 0, 9, 1(-0.5513499287824543-0.0006725408391046028j)
0, 0, 9, 2(0.01690160055807255+0.07375241904402285j)
0, 0, 10, 0(40.88625914727951-4.003316645198596e-11j)
0, 0, 10, 1(-0.4851723634107037+1.6761266419945686e-11j)
0, 0, 10, 2(-0.4728098566177859-0.0013930858628424005j)
0, 1, 0, 0(-0.9843719925328654+1.6263032587282567e-19j)
0, 1, 0, 1(108.07868215781554+0j)
0, 1, 0, 2(-1.0108345544473505+0.0032960464213915644j)
0, 1, 1, 0(-1.288327754518887+0.028747167276858478j)
0, 1, 1, 1(96.26063899591792-0.09085439968045347j)
0, 1, 1, 2(1.19127435510822-0.05888558763208224j)
0, 1, 2, 0(-0.5007833570257529-0.02974577575319034j)
0, 1, 2, 1(96.2812367457901-0.09060372207275913j)
0, 1, 2, 2(-3.0169422445941487+0.06257808979867807j)
0, 1, 3, 0(-0.9036493832851025+0.0007339540019498381j)
0, 1, 3, 1(96.00612048531389-0.013251065580958305j)
0, 1, 3, 2(-0.9212982986062326+0.0030406594353862212j)
0, 1, 4, 0(-1.4099666258969177+0.04927382988561353j)
0, 1, 4, 1(71.90993718934072-0.10023453173561239j)
0, 1, 4, 2(1.028327513665689+0.003042286160013754j)
0, 1, 5, 0(-0.005738523155129075-0.05091086194520119j)
0, 1, 5, 1(71.92774588477634-0.1006936185741795j)
0, 1, 5, 2(-2.4487091843640707-0.0037571244157402067j)
0, 1, 6, 0(-0.7165022733652004+0.0008533926478511325j)
0, 1, 6, 1(71.3753183727336+9.888735499289508e-09j)
0, 1, 6, 2(-0.7177235107731381+0.001260454164888375j)
0, 1, 7, 0(-0.8543379743563777+0.0187406239971486j)
0, 1, 7, 1(50.414672591847854+0.08719956965953929j)
0, 1, 7, 2(-0.05838070177974172+0.06422687897118594j)
0, 1, 8, 0(-0.239723598597553-0.020019611285555242j)
0, 1, 8, 1(50.422551356465824+0.08658117248643146j)
0, 1, 8, 2(-1.017802562138031-0.06737175407437321j)
0, 1, 9, 0(-0.5514326157171034+0.0002616241720725457j)
0, 1, 9, 1(50.297134510607734+0.1347385018046562j)
0, 1, 9, 2(-0.5420413631763636-0.0006881652314611707j)
0, 1, 10, 0(-0.4851723633153823-5.679387429097238e-11j)
0, 1, 10, 1(40.88625914670599+4.170492076682741e-15j)
0, 1, 10, 2(-0.47280982755313355-0.0013930726966200936j)
0, 2, 0, 0(-1.0108345544473507-0.0032960464213913562j)
0, 2, 0, 1(-1.0108345544473505-0.0032960464213915644j)
0, 2, 0, 2(117.877378248675+0j)
0, 2, 1, 0(-2.23153527997125+0.030408070279953514j)
0, 2, 1, 1(1.3752990055123664-0.0626961297700171j)
0, 2, 1, 2(102.69078899541307+0.1251666491224817j)
0, 2, 2, 0(-2.2204685013846146+0.03205647571174071j)
0, 2, 2, 1(-3.197917391746692+0.05946818180758687j)
0, 2, 2, 2(102.71433249478572+0.12566998649903593j)
0, 2, 3, 0(1.7326244780536009-0.07446252915386058j)
0, 2, 3, 1(-0.9211830147548924-0.0030264801434431877j)
0, 2, 3, 2(102.60922646983745+0.11050264427955309j)
0, 2, 4, 0(-1.8434420643713456-0.0064212016575680335j)
0, 2, 4, 1(1.2753363568783043+0.003434799066133979j)
0, 2, 4, 2(72.04531805798753+0.26041619615294914j)
0, 2, 5, 0(-1.8340972046973059-0.005023065996310583j)
0, 2, 5, 1(-2.691538383254857-0.00288173380424097j)
0, 2, 5, 2(72.06846300176532+0.2604152532716508j)
0, 2, 6, 0(1.5926809862862497+6.4175886729366666e-09j)
0, 2, 6, 1(-0.716502161029076-0.0008534106298260027j)
0, 2, 6, 2(71.77786534167359+0.2077102240530738j)
0, 2, 7, 0(-0.9073677611116371-0.03796476922682818j)
0, 2, 7, 1(0.10507026504676813+0.06659816752713665j)
0, 2, 7, 2(46.17185301313563+0.2375565150469644j)
0, 2, 8, 0(-0.9037173120647405-0.037527604077422894j)
0, 2, 8, 1(-1.179978115438507-0.06458871468655306j)
0, 2, 8, 2(46.18213128060144+0.2371434342882246j)
0, 2, 9, 0(0.20598320653655372+0.07592852700832414j)
0, 2, 9, 1(-0.5409147395589441+0.0006449303941894503j)
0, 2, 9, 2(46.11047073313199+0.22557049092552783j)
0, 2, 10, 0(-0.47280987900763993+0.0013930594770691536j)
0, 2, 10, 1(-0.47280982764845425+0.0013930726565877342j)
0, 2, 10, 2(35.291192779584264-4.003875009317426e-11j)
1, 0, 0, 0(96.14596994504086+0.02867625816920837j)
1, 0, 0, 1(-1.288327754518887-0.028747167276858478j)
1, 0, 0, 2(-2.23153527997125-0.030408070279953514j)
1, 0, 1, 0(109.33997494252394+0j)
1, 0, 1, 1(-2.8372594899817076+0.0025512928346323547j)
1, 0, 1, 2(-3.1267164461990364+0.0028673800329317954j)
1, 0, 2, 0(79.7580728719877-0.00023682975896205686j)
1, 0, 2, 1(-0.7003219225804241-0.06411115560160793j)
1, 0, 2, 2(-2.6679596895260316+0.001176569365672668j)
1, 0, 3, 0(77.6135318161548-0.11982237022501438j)
1, 0, 3, 1(-0.2543929657956909-0.031284697423212944j)
1, 0, 3, 2(0.0739468363957845-0.10230964443486265j)
1, 0, 4, 0(97.67789214240631-0.007467069953760762j)
1, 0, 4, 1(-3.4692769048019505+0.03201452161980456j)
1, 0, 4, 2(-2.1122419400150725-0.035752527437539594j)
1, 0, 5, 0(61.5989807076342-0.08944417166393669j)
1, 0, 5, 1(-0.19371521586748444-0.0905608247841491j)
1, 0, 5, 2(-1.6455995721188368-0.02819682140341582j)
1, 0, 6, 0(58.95281109222517-0.31527162962777106j)
1, 0, 6, 1(0.20114112218310945-0.03533248321280514j)
1, 0, 6, 2(0.33473637261100747-0.03970967917926984j)
1, 0, 7, 0(71.09295066780474-0.00026414924816652854j)
1, 0, 7, 1(-2.282332191115199+0.0007727342076233304j)
1, 0, 7, 2(-0.6275864014218575-0.07458637532838631j)
1, 0, 8, 0(51.78572322662217-0.0004406920266148913j)
1, 0, 8, 1(-0.4780587608316636-0.05007467640146644j)
1, 0, 8, 2(-0.46790816820680164-0.062427585542732145j)
1, 0, 9, 0(49.83875496913456-0.09246587364003649j)
1, 0, 9, 1(-0.09514731611801983-0.0242113142472918j)
1, 0, 9, 2(-0.22118898933002845+0.028186992799116958j)
1, 0, 10, 0(50.3703324318215-0.12750683438837804j)
1, 0, 10, 1(-0.8529269979296555-0.01964700486016256j)
1, 0, 10, 2(-0.1686167808046708-0.039693126613271054j)
1, 1, 0, 0(-1.287006967453071-0.031084784655185008j)
1, 1, 0, 1(96.26063899591792+0.09085439968045347j)
1, 1, 0, 2(1.3752990055123664+0.0626961297700171j)
1, 1, 1, 0(-2.8372594899817076-0.0025512928346323547j)
1, 1, 1, 1(111.74549225496267+0j)
1, 1, 1, 2(2.6815055436412236+0.0003414286984309081j)
1, 1, 2, 0(-0.8236561221279526-0.06323897110817904j)
1, 1, 2, 1(76.15954283603196+0.00023692457809168169j)
1, 1, 2, 2(-0.6468963187342165+0.12834470025097885j)
1, 1, 3, 0(-0.12694852003065868-0.03271284358551989j)
1, 1, 3, 1(79.40524439993754+0.044808608666798706j)
1, 1, 3, 2(0.9222306155061143+0.055453344185669384j)
1, 1, 4, 0(-3.4691528686822086+0.027657555921155805j)
1, 1, 4, 1(100.96815712071722-0.0691071305069209j)
1, 1, 4, 2(1.2047654346646037+0.06181818393120042j)
1, 1, 5, 0(-0.3610386138041457-0.08783299458238254j)
1, 1, 5, 1(56.94375194983227-0.14027449383081456j)
1, 1, 5, 2(-1.1130410031292444+0.06322648674678723j)
1, 1, 6, 0(0.3726228118441741-0.03582348270243905j)
1, 1, 6, 1(61.12390307336574-0.07917143096037424j)
1, 1, 6, 2(0.019326104521757786+0.045643431113278114j)
1, 1, 7, 0(-2.280754303750782-0.0005793008752458661j)
1, 1, 7, 1(73.1243950426832+0.0004575775342591799j)
1, 1, 7, 2(-0.8241220218959087+0.12627880307706127j)
1, 1, 8, 0(-0.5951770914630391-0.047557530203054026j)
1, 1, 8, 1(48.56266873038675-0.0002043499563442521j)
1, 1, 8, 2(-0.9323644120465235-0.00043952436289195623j)
1, 1, 9, 0(0.024114049920507575-0.02408054253813181j)
1, 1, 9, 1(51.46217866642027+0.02767285222080619j)
1, 1, 9, 2(-0.7982140785448935+0.05115565842701658j)
1, 1, 10, 0(-0.8517714383387205-0.01877691535811737j)
1, 1, 10, 1(50.42495212270581-0.0867864945578113j)
1, 1, 10, 2(-1.1816518299072072+0.06484726216068407j)
1, 2, 0, 0(-2.1255550705911492-0.03626930325034397j)
1, 2, 0, 1(1.19127435510822+0.05888558763208224j)
1, 2, 0, 2(102.69078899541307-0.1251666491224817j)
1, 2, 1, 0(-3.1267164461990364-0.0028673800329317954j)
1, 2, 1, 1(2.6815055436412236-0.0003414286984309081j)
1, 2, 1, 2(112.97027836736777+0j)
1, 2, 2, 0(-2.6664380535424934-0.0009396309772886011j)
1, 2, 2, 1(-0.8948294279793724+0.12530420730764674j)
1, 2, 2, 2(82.95447059557523+0.00047377287778882504j)
1, 2, 3, 0(0.2915480962487407-0.10662406046512618j)
1, 2, 3, 1(0.7948306119029398+0.05261355810245337j)
1, 2, 3, 2(83.51403135556266-0.036052668910249275j)
1, 2, 4, 0(-2.216753559566826-0.037934257752677905j)
1, 2, 4, 1(1.3879387606401332+0.064330647168914j)
1, 2, 4, 2(96.28078309396074+0.14647355061095452j)
1, 2, 5, 0(-1.7433032619482907-0.02680358621612496j)
1, 2, 5, 1(-1.2796804442236083+0.062098718787017386j)
1, 2, 5, 2(60.39211991627259+0.023354656016798092j)
1, 2, 6, 0(0.5322406939280362-0.0403928427238133j)
1, 2, 6, 1(0.019269718751546712+0.04548174931909j)
1, 2, 6, 2(61.16206274106277-0.05600702614873171j)
1, 2, 7, 0(-0.7669286187481488-0.07319562860669943j)
1, 2, 7, 1(-0.5817876902139549+0.1290520208357011j)
1, 2, 7, 2(66.8222283757458+0.00019342341709882582j)
1, 2, 8, 0(-0.602122767293948-0.05954838422025395j)
1, 2, 8, 1(-0.9324462415732709-1.174624323144885e-06j)
1, 2, 8, 2(47.8319516849125-0.00023638403120274099j)
1, 2, 9, 0(-0.15313561779014745+0.029741201581495683j)
1, 2, 9, 1(-0.6816481596273133+0.0527924641640294j)
1, 2, 9, 2(48.318614048696595-0.030932359307918766j)
1, 2, 10, 0(-0.26291686740617204-0.037134936221980525j)
1, 2, 10, 1(-1.0196533847453533+0.06666931515589233j)
1, 2, 10, 2(46.176208551852454-0.2373820267153952j)
2, 0, 0, 0(96.14302408128042+0.02892888645418921j)
2, 0, 0, 1(-0.5007833570257529+0.02974577575319034j)
2, 0, 0, 2(-2.2204685013846146-0.03205647571174071j)
2, 0, 1, 0(79.7580728719877+0.00023682975896205686j)
2, 0, 1, 1(-0.8236561221279526+0.06323897110817904j)
2, 0, 1, 2(-2.6664380535424934+0.0009396309772886011j)
2, 0, 2, 0(109.32096400299037+0j)
2, 0, 2, 1(0.8530091966403527+0.0003735138076171842j)
2, 0, 2, 2(-3.1172141631138848-0.00044500653959009956j)
2, 0, 3, 0(77.62265433851111-0.11958567770111571j)
2, 0, 3, 1(-1.288585668372981+0.03143204672038762j)
2, 0, 3, 2(0.08790813294752668-0.1028590770880871j)
2, 0, 4, 0(61.60153268224755-0.08879173154700212j)
2, 0, 4, 1(-1.0424318061057918+0.0885867315360622j)
2, 0, 4, 2(-1.6484539999012067-0.02730440752510233j)
2, 0, 5, 0(97.6514606401986-0.007723206153394775j)
2, 0, 5, 1(1.6472501753171767-0.029448870330884933j)
2, 0, 5, 2(-2.1134146650927073-0.039019774887185124j)
2, 0, 6, 0(58.96598464006212-0.3150538064007981j)
2, 0, 6, 1(-1.4556698800812176+0.03570454496787654j)
2, 0, 6, 2(0.34453863846250005-0.03928807434647091j)
2, 0, 7, 0(51.78572322750041-3.203914177683873e-05j)
2, 0, 7, 1(-0.6015076286498362+0.0480695886460095j)
2, 0, 7, 2(-0.47331404249237985-0.06147483787996913j)
2, 0, 8, 0(71.07618604308595-0.00026414915537703544j)
2, 0, 8, 1(0.8474147904255791+0.00034559336423479895j)
2, 0, 8, 2(-0.6349694868278932-0.07598958550790316j)
2, 0, 9, 0(49.84692912673695-0.09226167735560716j)
2, 0, 9, 1(-0.991427512382156+0.024680878951826375j)
2, 0, 9, 2(-0.21935814316987692+0.028953760370149538j)
2, 0, 10, 0(50.367932876076-0.12730153752468648j)
2, 0, 10, 1(-0.24762418374126527+0.019959637414787443j)
2, 0, 10, 2(-0.17427834066399375-0.03928386526876872j)
2, 1, 0, 0(-0.5008222521739176+0.03018143462865316j)
2, 1, 0, 1(96.2812367457901+0.09060372207275913j)
2, 1, 0, 2(-3.197917391746692-0.05946818180758687j)
2, 1, 1, 0(-0.7003219225804241+0.06411115560160793j)
2, 1, 1, 1(76.15954283603196-0.00023692457809168169j)
2, 1, 1, 2(-0.8948294279793724-0.12530420730764674j)
2, 1, 2, 0(0.8530091966403527-0.0003735138076171842j)
2, 1, 2, 1(111.76449626851128+0j)
2, 1, 2, 2(-4.685591714231592-0.0007926145343156461j)
2, 1, 3, 0(-1.4124144506277891+0.03199498728255853j)
2, 1, 3, 1(79.4317050526899+0.044571540066995145j)
2, 1, 3, 2(-2.4926936532085033-0.052328524167593385j)
2, 1, 4, 0(-0.875251231614927+0.0896489719064146j)
2, 1, 4, 1(56.93565926988645-0.14005665719352048j)
2, 1, 4, 2(-0.1180166891102561-0.06188360424480696j)
2, 1, 5, 0(1.6470224953808086-0.031161351239790514j)
2, 1, 5, 1(100.96528631871145-0.06986841051308855j)
2, 1, 5, 2(-3.0210991296533414-0.06583942579024046j)
2, 1, 6, 0(-1.623743923026124+0.03584158961921161j)
2, 1, 6, 1(61.14213976191678-0.07938797154628104j)
2, 1, 6, 2(-1.2819718335550945-0.04395266283197955j)
2, 1, 7, 0(-0.4833827065336246+0.04908989012232908j)
2, 1, 7, 1(48.55101417705929+0.0002043513861403549j)
2, 1, 7, 2(-0.12777521381018783-0.00015890469335308813j)
2, 1, 8, 0(0.8469947990035521-0.0010673145888821995j)
2, 1, 8, 1(73.10763164768834-0.00045758248814244313j)
2, 1, 8, 2(-0.5895906326784852-0.13026183048190873j)
2, 1, 9, 0(-1.1097655821774526+0.024079930656569527j)
2, 1, 9, 1(51.46455438375176+0.02746744401953993j)
2, 1, 9, 2(-0.2808502455147454-0.051823018910797616j)
2, 1, 10, 0(-0.2477424928277587+0.019609955209347964j)
2, 1, 10, 1(50.4122743021265-0.08699424916123373j)
2, 1, 10, 2(0.10138551943651976-0.06636752494903242j)
2, 2, 0, 0(-2.1160233453564405-0.034871579000477985j)
2, 2, 0, 1(-3.0169422445941487-0.06257808979867807j)
2, 2, 0, 2(102.71433249478572-0.12566998649903593j)
2, 2, 1, 0(-2.6679596895260316-0.001176569365672668j)
2, 2, 1, 1(-0.6468963187342165-0.12834470025097885j)
2, 2, 1, 2(82.95447059557523-0.00047377287778882504j)
2, 2, 2, 0(-3.1172141631138848+0.00044500653959009956j)
2, 2, 2, 1(-4.685591714231592+0.0007926145343156461j)
2, 2, 2, 2(113.00829183678636+0j)
2, 2, 3, 0(0.3040514143387917-0.10631170208144017j)
2, 2, 3, 1(-2.3679330276135997-0.05598860684106927j)
2, 2, 3, 2(83.53136887665693-0.036526438237041825j)
2, 2, 4, 0(-1.7485418743592058-0.02747825339034321j)
2, 2, 4, 1(0.05006536678495028-0.06316283581083751j)
2, 2, 4, 2(60.381475537635374+0.022920027612162386j)
2, 2, 5, 0(-2.2184518651700444-0.03542824527606795j)
2, 2, 5, 1(-3.2024123594913605-0.060692287847345705j)
2, 2, 5, 2(96.3043417807941+0.1459684406023659j)
2, 2, 6, 0(0.5406789983457388-0.04103101477478716j)
2, 2, 6, 1(-1.2822343772171814-0.04572310653827188j)
2, 2, 6, 2(61.16712594670428-0.05644137406747096j)
2, 2, 7, 0(-0.6083715843463724-0.06009248110048666j)
2, 2, 7, 1(-0.12869999933310972+0.00012685599165291467j)
2, 2, 7, 2(47.82029713273009-0.00023635881716754792j)
2, 2, 8, 0(-0.7763095402937508-0.07270753376556252j)
2, 2, 8, 1(-0.8330828849602369-0.12559730676518088j)
2, 2, 8, 2(66.82222837323387-0.0007217365381165797j)
2, 2, 9, 0(-0.1525884297516154+0.028769012292869003j)
2, 2, 9, 1(-0.39761114736659603-0.05139945713257288j)
2, 2, 9, 2(48.31281576786056-0.031341966530088916j)
2, 2, 10, 0(-0.2699333170539321-0.03775194663986356j)
2, 2, 10, 1(-0.06301938621365698-0.06449080724184945j)
2, 2, 10, 2(46.165930237375356-0.23779509767418222j)
3, 0, 0, 0(96.25894208962492+0.13710187264763016j)
3, 0, 0, 1(-0.9036493832851025-0.0007339540019498381j)
3, 0, 0, 2(1.7326244780536009+0.07446252915386058j)
3, 0, 1, 0(77.6135318161548+0.11982237022501438j)
3, 0, 1, 1(-0.12694852003065868+0.03271284358551989j)
3, 0, 1, 2(0.2915480962487407+0.10662406046512618j)
3, 0, 2, 0(77.62265433851111+0.11958567770111571j)
3, 0, 2, 1(-1.4124144506277891-0.03199498728255853j)
3, 0, 2, 2(0.3040514143387917+0.10631170208144017j)
3, 0, 3, 0(112.95160855166566+0j)
3, 0, 3, 1(-1.0085845994703089-0.0029236114954247607j)
3, 0, 3, 2(3.239751896037464-1.4992670993585477e-10j)
3, 0, 4, 0(59.278440607523365+0.04972801730688857j)
3, 0, 4, 1(0.035651512211957774+0.0549297734365954j)
3, 0, 4, 2(-0.5205686618060127+0.06056279702615516j)
3, 0, 5, 0(59.289065600767906+0.049294257340757805j)
3, 0, 5, 1(-1.2795367556418602-0.05315520700843724j)
3, 0, 5, 2(-0.5078850140487078+0.06009063252820339j)
3, 0, 6, 0(102.6092267328202-0.11050263352701567j)
3, 0, 6, 1(-0.9212976889746697-0.0030406827260702823j)
3, 0, 6, 2(1.5207642951954796+0.07003931667781685j)
3, 0, 7, 0(49.848831385329206+0.0927028887442793j)
3, 0, 7, 1(0.026066292292971183+0.025428518775333708j)
3, 0, 7, 2(-0.9168936686693676+0.028556460543190984j)
3, 0, 8, 0(49.85700554196551+0.09249869253996383j)
3, 0, 8, 1(-1.1011542817403437-0.0238927992951113j)
3, 0, 8, 2(-0.909687330316133+0.02836782007808678j)
3, 0, 9, 0(74.13218912193163+0.0005284286993125797j)
3, 0, 9, 1(-0.7165930644790365-0.0011182705210272628j)
3, 0, 9, 2(-0.8501889560427469+0.1450410036447819j)
3, 0, 10, 0(50.396092892752364-0.05371526199226883j)
3, 0, 10, 1(-0.5449393029389642+0.0007036879415276383j)
3, 0, 10, 2(-1.2836222061978086+0.0741052150259617j)
3, 1, 0, 0(-0.9049547575589151+0.0011701097793210854j)
3, 1, 0, 1(96.00612048531389+0.013251065580958305j)
3, 1, 0, 2(-0.9211830147548924+0.0030264801434431877j)
3, 1, 1, 0(-0.2543929657956909+0.031284697423212944j)
3, 1, 1, 1(79.40524439993754-0.044808608666798706j)
3, 1, 1, 2(0.7948306119029398-0.05261355810245337j)
3, 1, 2, 0(-1.288585668372981-0.03143204672038762j)
3, 1, 2, 1(79.4317050526899-0.044571540066995145j)
3, 1, 2, 2(-2.3679330276135997+0.05598860684106927j)
3, 1, 3, 0(-1.0085845994703089+0.0029236114954247607j)
3, 1, 3, 1(108.10276695746018+0j)
3, 1, 3, 2(-1.008584598313584+0.002923611351357939j)
3, 1, 4, 0(-0.13568493987907787+0.05230819255213145j)
3, 1, 4, 1(61.76338520898988-0.1351153909248149j)
3, 1, 4, 2(0.5096929720568569-0.002565042081350234j)
3, 1, 5, 0(-1.1113933249009522-0.05395970284223996j)
3, 1, 5, 1(61.78966441107475-0.1355483092109257j)
3, 1, 5, 2(-1.76860945522869+0.0023500905125618393j)
3, 1, 6, 0(-0.9211824427140916+0.0030264567000007794j)
3, 1, 6, 1(96.0061204688523+0.013251065478391801j)
3, 1, 6, 2(-0.904954492152827+0.0011701103398197264j)
3, 1, 7, 0(-0.09282003296037152+0.023509976912354354j)
3, 1, 7, 1(51.45638170589626-0.027263227935586366j)
3, 1, 7, 2(-0.3966934173547613+0.05047716029008229j)
3, 1, 8, 0(-0.9841654800081839-0.025040619895415j)
3, 1, 8, 1(51.470351301021935-0.02787707180692546j)
3, 1, 8, 2(-0.6729768086770667-0.052931210612902166j)
3, 1, 9, 0(-0.7177444236793076+0.0016467001056695092j)
3, 1, 9, 1(70.06950703857368-6.243718731705622e-09j)
3, 1, 9, 2(-0.6991736857355711-0.0005580856675956973j)
3, 1, 10, 0(-0.5459654217144119+0.00018421208940813986j)
3, 1, 10, 1(50.29713381529596-0.13473849666827267j)
3, 1, 10, 2(-0.5355304903040131-0.001133231896714916j)
3, 2, 0, 0(1.5207645198725268+0.07003931067144002j)
3, 2, 0, 1(-0.9212982986062326-0.0030406594353862212j)
3, 2, 0, 2(102.60922646983745-0.11050264427955309j)
3, 2, 1, 0(0.0739468363957845+0.10230964443486265j)
3, 2, 1, 1(0.9222306155061143-0.055453344185669384j)
3, 2, 1, 2(83.51403135556266+0.036052668910249275j)
3, 2, 2, 0(0.08790813294752668+0.1028590770880871j)
3, 2, 2, 1(-2.4926936532085033+0.052328524167593385j)
3, 2, 2, 2(83.53136887665693+0.036526438237041825j)
3, 2, 3, 0(3.239751896037464+1.4992670993585477e-10j)
3, 2, 3, 1(-1.008584598313584-0.002923611351357939j)
3, 2, 3, 2(112.95160812325548+0j)
3, 2, 4, 0(-0.6186318205935262+0.05884707951209829j)
3, 2, 4, 1(0.6824900490771091-0.0015733847597150588j)
3, 2, 4, 2(61.67870959134924+0.09257230212557221j)
3, 2, 5, 0(-0.605031874199063+0.05888639076811344j)
3, 2, 5, 1(-1.937730175101257+0.0020709170740201843j)
3, 2, 5, 2(61.69436349569004+0.09257314410172357j)
3, 2, 6, 0(1.7326242536043377+0.07446253565113825j)
3, 2, 6, 1(-0.9036490805557748-0.0007339527733194115j)
3, 2, 6, 2(96.25894179851858+0.1371018618429664j)
3, 2, 7, 0(-0.8499900749515977+0.029580179231057862j)
3, 2, 7, 1(-0.279866896431857+0.05318655233099882j)
3, 2, 7, 2(48.32289352089616+0.03157898525520464j)
3, 2, 8, 0(-0.8432243470051981+0.029155023047712992j)
3, 2, 8, 1(-0.7886340474936641-0.050984048796962896j)
3, 2, 8, 2(48.32868911662152+0.031169340462365747j)
3, 2, 9, 0(-0.5697959539803127+0.14945062699677117j)
3, 2, 9, 1(-0.6980222773086511+0.001086567097537192j)
3, 2, 9, 2(66.81760369369152+0.0005284172464096182j)
3, 2, 10, 0(-1.096628419038394+0.07646362839698935j)
3, 2, 10, 1(-0.535548242051973+0.0016535045895306848j)
3, 2, 10, 2(46.122347960330934-0.2250935060980095j)
4, 0, 0, 0(71.72009945301063-0.003634879753834766j)
4, 0, 0, 1(-1.4099666258969177-0.04927382988561353j)
4, 0, 0, 2(-1.8434420643713456+0.0064212016575680335j)
4, 0, 1, 0(97.67789214240631+0.007467069953760762j)
4, 0, 1, 1(-3.4691528686822086-0.027657555921155805j)
4, 0, 1, 2(-2.216753559566826+0.037934257752677905j)
4, 0, 2, 0(61.60153268224755+0.08879173154700212j)
4, 0, 2, 1(-0.875251231614927-0.0896489719064146j)
4, 0, 2, 2(-1.7485418743592058+0.02747825339034321j)
4, 0, 3, 0(59.278440607523365-0.04972801730688857j)
4, 0, 3, 1(-0.13568493987907787-0.05230819255213145j)
4, 0, 3, 2(-0.6186318205935262-0.05884707951209829j)
4, 0, 4, 0(110.5435804272502+0j)
4, 0, 4, 1(-4.6916564816566515+0.001589916252717718j)
4, 0, 4, 2(-0.9814917290680684+0.0002782966709808585j)
4, 0, 5, 0(56.3117029935234-0.00042637310947013594j)
4, 0, 5, 1(-0.4680530339971589-0.1309204464895725j)
4, 0, 5, 2(-0.5945846428974523-0.0008444754871539117j)
4, 0, 6, 0(53.49352250348628-0.26854460227607974j)
4, 0, 6, 1(0.3904234593973166-0.06360279722295534j)
4, 0, 6, 2(-0.5913695975216049+0.00017951900129727603j)
4, 0, 7, 0(97.66429418692623+0.007174480462477581j)
4, 0, 7, 1(-3.4649998628023377-0.029706355751636142j)
4, 0, 7, 2(0.4265111835236679-0.03740469795629006j)
4, 0, 8, 0(61.58961556035013+0.08854099172403346j)
4, 0, 8, 1(-0.8756552019419022-0.09131754800397263j)
4, 0, 8, 2(0.4913821654321181-0.028745193822144785j)
4, 0, 9, 0(59.27526073048756-0.04922641534239144j)
4, 0, 9, 1(-0.12892779739414162-0.05319906232624756j)
4, 0, 9, 2(-0.6329896032447012+0.05907103944761036j)
4, 0, 10, 0(71.70677926827409-0.0036370621642600543j)
4, 0, 10, 1(-1.4050934273253664-0.05140754823264436j)
4, 0, 10, 2(0.4242831269963639-0.006076527352830881j)
4, 1, 0, 0(-1.4087487793011777-0.05176689439997221j)
4, 1, 0, 1(71.90993718934072+0.10023453173561239j)
4, 1, 0, 2(1.2753363568783043-0.003434799066133979j)
4, 1, 1, 0(-3.4692769048019505-0.03201452161980456j)
4, 1, 1, 1(100.96815712071722+0.0691071305069209j)
4, 1, 1, 2(1.3879387606401332-0.064330647168914j)
4, 1, 2, 0(-1.0424318061057918-0.0885867315360622j)
4, 1, 2, 1(56.93565926988645+0.14005665719352048j)
4, 1, 2, 2(0.05006536678495028+0.06316283581083751j)
4, 1, 3, 0(0.035651512211957774-0.0549297734365954j)
4, 1, 3, 1(61.76338520898988+0.1351153909248149j)
4, 1, 3, 2(0.6824900490771091+0.0015733847597150588j)
4, 1, 4, 0(-4.6916564816566515-0.001589916252717718j)
4, 1, 4, 1(115.44377311362527+0j)
4, 1, 4, 2(-0.9947239442598372-0.0013696659515023144j)
4, 1, 5, 0(-0.7001535109301577-0.12738538852373232j)
4, 1, 5, 1(49.94200895838893-0.0004264281111380667j)
4, 1, 5, 2(-0.5793072258944114+0.0009230421087852783j)
4, 1, 6, 0(0.6271946750790928-0.06541400777809742j)
4, 1, 6, 1(56.68626531025264+0.0039789554177671275j)
4, 1, 6, 2(-0.5981850625265644-0.00041889807114591643j)
4, 1, 7, 0(-3.4634707610914273-0.029753215756899702j)
4, 1, 7, 1(100.99171740430337+0.06961224736701084j)
4, 1, 7, 2(-3.1959503687388557+0.06272806127842437j)
4, 1, 8, 0(-1.04330233634118-0.0876035909129183j)
4, 1, 8, 1(56.946305834804626+0.13962198143700758j)
4, 1, 8, 2(-1.2848225218337288-0.06175021982061586j)
4, 1, 9, 0(0.04136886064529221-0.05353821082274853j)
4, 1, 9, 1(61.7790434668226+0.13511450876740805j)
4, 1, 9, 2(-1.9455934062527236-0.0024620468512759723j)
4, 1, 10, 0(-1.403801832846068-0.04963445998500752j)
4, 1, 10, 1(71.9330862396171+0.10023547584147793j)
4, 1, 10, 2(-2.695961997671404+0.003707138984607356j)
4, 2, 0, 0(-1.701772812243206+0.00431851195035114j)
4, 2, 0, 1(1.028327513665689-0.003042286160013754j)
4, 2, 0, 2(72.04531805798753-0.26041619615294914j)
4, 2, 1, 0(-2.1122419400150725+0.035752527437539594j)
4, 2, 1, 1(1.2047654346646037-0.06181818393120042j)
4, 2, 1, 2(96.28078309396074-0.14647355061095452j)
4, 2, 2, 0(-1.6484539999012067+0.02730440752510233j)
4, 2, 2, 1(-0.1180166891102561+0.06188360424480696j)
4, 2, 2, 2(60.381475537635374-0.022920027612162386j)
4, 2, 3, 0(-0.5205686618060127-0.06056279702615516j)
4, 2, 3, 1(0.5096929720568569+0.002565042081350234j)
4, 2, 3, 2(61.67870959134924-0.09257230212557221j)
4, 2, 4, 0(-0.9814917290680684-0.0002782966709808585j)
4, 2, 4, 1(-0.9947239442598372+0.0013696659515023144j)
4, 2, 4, 2(108.09674337034974+0j)
4, 2, 5, 0(-0.5936142175364516+0.0004181282219110939j)
4, 2, 5, 1(-0.5783367798113279-0.0013494121326228445j)
4, 2, 5, 2(54.469537594530976-5.1354481334087154e-08j)
4, 2, 6, 0(-0.5900186154571618-0.00022775152090619404j)
4, 2, 6, 1(-0.5984739139730765+0.0009393113145229476j)
4, 2, 6, 2(56.497192155585964-0.12760008655146726j)
4, 2, 7, 0(0.32076023700961154-0.03667455367272706j)
4, 2, 7, 1(-3.0147304174233076+0.06325487131613527j)
4, 2, 7, 2(96.29074439205581-0.14626104399475776j)
4, 2, 8, 0(0.3914118606755922-0.02744605685242441j)
4, 2, 8, 1(-1.1172659228543174-0.06447818272143645j)
4, 2, 8, 2(60.38020347383566-0.02360546429081567j)
4, 2, 9, 0(-0.7306392957228662+0.05938371166809374j)
4, 2, 9, 1(-1.7745554638516576-0.0018910801381549491j)
4, 2, 9, 2(61.69118649947866-0.09207160583744957j)
4, 2, 10, 0(0.28051486268875914-0.005369150121226247j)
4, 2, 10, 1(-2.4522737204118474+0.0024713881517176295j)
4, 2, 10, 2(72.0551432606718-0.26041746558963286j)
5, 0, 0, 0(71.71476297003899-0.003176777410949202j)
5, 0, 0, 1(-0.005738523155129075+0.05091086194520119j)
5, 0, 0, 2(-1.8340972046973059+0.005023065996310583j)
5, 0, 1, 0(61.5989807076342+0.08944417166393669j)
5, 0, 1, 1(-0.3610386138041457+0.08783299458238254j)
5, 0, 1, 2(-1.7433032619482907+0.02680358621612496j)
5, 0, 2, 0(97.6514606401986+0.007723206153394775j)
5, 0, 2, 1(1.6470224953808086+0.031161351239790514j)
5, 0, 2, 2(-2.2184518651700444+0.03542824527606795j)
5, 0, 3, 0(59.289065600767906-0.049294257340757805j)
5, 0, 3, 1(-1.1113933249009522+0.05395970284223996j)
5, 0, 3, 2(-0.605031874199063-0.05888639076811344j)
5, 0, 4, 0(56.3117029935234+0.00042637310947013594j)
5, 0, 4, 1(-0.7001535109301577+0.12738538852373232j)
5, 0, 4, 2(-0.5936142175364516-0.0004181282219110939j)
5, 0, 5, 0(110.50556905566555+0j)
5, 0, 5, 1(2.6699879254049255+0.0017060102253650799j)
5, 0, 5, 2(-1.0004966712849122-0.0019285642273647319j)
5, 0, 6, 0(53.510451602025604-0.26811931984721754j)
5, 0, 6, 1(-1.5676813573026258+0.06579709861161787j)
5, 0, 6, 2(-0.5824186501961348+0.0014068088955522945j)
5, 0, 7, 0(61.58706358741731+0.08919343175949712j)
5, 0, 7, 1(-0.3730539026209991+0.0879084069867753j)
5, 0, 7, 2(0.4850091795963545-0.027675885995294067j)
5, 0, 8, 0(97.6378626893497+0.007430616766072651j)
5, 0, 8, 1(1.6286594717143459+0.03133896925312526j)
5, 0, 8, 2(0.40229613183958246-0.03768427476560725j)
5, 0, 9, 0(59.285885726145004-0.048792655379862535j)
5, 0, 9, 1(-1.1203119131796224+0.0548917524015772j)
5, 0, 9, 2(-0.6350659042804303+0.06085463489953134j)
5, 0, 10, 0(71.70144278723637-0.003178959812138311j)
5, 0, 10, 1(-0.023983765541198625+0.05148138436106499j)
5, 0, 10, 2(0.4105085262813344-0.004770426133372424j)
5, 1, 0, 0(-0.0057822965169072385+0.05129085662971482j)
5, 1, 0, 1(71.92774588477634+0.1006936185741795j)
5, 1, 0, 2(-2.691538383254857+0.00288173380424097j)
5, 1, 1, 0(-0.19371521586748444+0.0905608247841491j)
5, 1, 1, 1(56.94375194983227+0.14027449383081456j)
5, 1, 1, 2(-1.2796804442236083-0.062098718787017386j)
5, 1, 2, 0(1.6472501753171767+0.029448870330884933j)
5, 1, 2, 1(100.96528631871145+0.06986841051308855j)
5, 1, 2, 2(-3.2024123594913605+0.060692287847345705j)
5, 1, 3, 0(-1.2795367556418602+0.05315520700843724j)
5, 1, 3, 1(61.78966441107475+0.1355483092109257j)
5, 1, 3, 2(-1.937730175101257-0.0020709170740201843j)
5, 1, 4, 0(-0.4680530339971589+0.1309204464895725j)
5, 1, 4, 1(49.94200895838893+0.0004264281111380667j)
5, 1, 4, 2(-0.5783367798113279+0.0013494121326228445j)
5, 1, 5, 0(2.6699879254049255-0.0017060102253650799j)
5, 1, 5, 1(115.40576470633614+0j)
5, 1, 5, 2(-1.0137282501434042-0.003576528056484854j)
5, 1, 6, 0(-1.8011728244957745+0.06407735078845314j)
5, 1, 6, 1(56.70319138398266+0.004404281683246577j)
5, 1, 6, 2(-0.5892338396720321+0.0008084009812706003j)
5, 1, 7, 0(-0.2042635082088469+0.09066935045327655j)
5, 1, 7, 1(56.93310934230128+0.14070919465879586j)
5, 1, 7, 2(0.04378903489477174+0.06390599788262785j)
5, 1, 8, 0(1.6284547891833514+0.028473554167801972j)
5, 1, 8, 1(100.94172921116899+0.06936331508761608j)
5, 1, 8, 2(1.3684879931815677-0.06508044255405787j)
5, 1, 9, 0(-1.2894563029212696+0.05272564135210022j)
5, 1, 9, 1(61.77400991844399+0.1355492163928615j)
5, 1, 9, 2(0.6861508022394943+0.002926557898148451j)
5, 1, 10, 0(-0.02400631866262921+0.050717216449015466j)
5, 1, 10, 1(71.90460483086265+0.1006927195903429j)
5, 1, 10, 2(1.26648331154776-0.002701406444229273j)
5, 2, 0, 0(-1.6933082940644815+0.006175679430975127j)
5, 2, 0, 1(-2.4487091843640707+0.0037571244157402067j)
5, 2, 0, 2(72.06846300176532-0.2604152532716508j)
5, 2, 1, 0(-1.6455995721188368+0.02819682140341582j)
5, 2, 1, 1(-1.1130410031292444-0.06322648674678723j)
5, 2, 1, 2(60.39211991627259-0.023354656016798092j)
5, 2, 2, 0(-2.1134146650927073+0.039019774887185124j)
5, 2, 2, 1(-3.0210991296533414+0.06583942579024046j)
5, 2, 2, 2(96.3043417807941-0.1459684406023659j)
5, 2, 3, 0(-0.5078850140487078-0.06009063252820339j)
5, 2, 3, 1(-1.76860945522869-0.0023500905125618393j)
5, 2, 3, 2(61.69436349569004-0.09257314410172357j)
5, 2, 4, 0(-0.5945846428974523+0.0008444754871539117j)
5, 2, 4, 1(-0.5793072258944114-0.0009230421087852783j)
5, 2, 4, 2(54.469537594530976+5.1354481334087154e-08j)
5, 2, 5, 0(-1.0004966712849122+0.0019285642273647319j)
5, 2, 5, 1(-1.0137282501434042+0.003576528056484854j)
5, 2, 5, 2(108.09674335973078+0j)
5, 2, 6, 0(-0.5820385555617367-0.0010298181078535543j)
5, 2, 6, 1(-0.5904935998996556+0.00013725228318606925j)
5, 2, 6, 2(56.497189332832136-0.12760000841372676j)
5, 2, 7, 0(0.3845883146242073-0.027428271171033667j)
5, 2, 7, 1(-0.12621064942288607+0.06154213035685958j)
5, 2, 7, 2(60.369558682040264-0.0231707161819934j)
5, 2, 8, 0(0.29498532955582124-0.03664391008598365j)
5, 2, 8, 1(1.1841871336133776-0.06110482383441481j)
5, 2, 8, 2(96.26718569136803-0.14676614619915407j)
5, 2, 9, 0(-0.7335930087483109+0.05803473559032503j)
5, 2, 9, 1(0.5134772253940254+0.0021472572794695027j)
5, 2, 9, 2(61.67552765648986-0.09207065848696816j)
5, 2, 10, 0(0.26580743532723344-0.006218060448290999j)
5, 2, 10, 1(1.018520373377933-0.0033197429762578806j)
5, 2, 10, 2(72.03199810642036-0.26041836580720057j)
6, 0, 0, 0(71.77786566288557+0.20771020352666014j)
6, 0, 0, 1(-0.7165022733652004-0.0008533926478511325j)
6, 0, 0, 2(1.5926809862862497-6.4175886729366666e-09j)
6, 0, 1, 0(58.95281109222517+0.31527162962777106j)
6, 0, 1, 1(0.3726228118441741+0.03582348270243905j)
6, 0, 1, 2(0.5322406939280362+0.0403928427238133j)
6, 0, 2, 0(58.96598464006212+0.3150538064007981j)
6, 0, 2, 1(-1.623743923026124-0.03584158961921161j)
6, 0, 2, 2(0.5406789983457388+0.04103101477478716j)
6, 0, 3, 0(102.6092267328202+0.11050263352701567j)
6, 0, 3, 1(-0.9211824427140916-0.0030264567000007794j)
6, 0, 3, 2(1.7326242536043377-0.07446253565113825j)
6, 0, 4, 0(53.49352250348628+0.26854460227607974j)
6, 0, 4, 1(0.6271946750790928+0.06541400777809742j)
6, 0, 4, 2(-0.5900186154571618+0.00022775152090619404j)
6, 0, 5, 0(53.510451602025604+0.26811931984721754j)
6, 0, 5, 1(-1.8011728244957745-0.06407735078845314j)
6, 0, 5, 2(-0.5820385555617367+0.0010298181078535543j)
6, 0, 6, 0(117.87737824291955+0j)
6, 0, 6, 1(-1.0108330675702193-0.003296046356875827j)
6, 0, 6, 2(-1.0108349297614254-0.003296046855226501j)
6, 0, 7, 0(58.96803781068221+0.3150204725350412j)
6, 0, 7, 1(0.38205033181096865+0.03656616691154353j)
6, 0, 7, 2(-1.7827075030088007-0.04029197114264634j)
6, 0, 8, 0(58.981211359017536+0.31480264939744007j)
6, 0, 8, 1(-1.6185386413745573-0.03502515308836722j)
6, 0, 8, 2(-1.7784916497751646-0.03958002430070569j)
6, 0, 9, 0(102.63643206677624+0.11108512329770902j)
6, 0, 9, 1(-0.9069823006681531-0.001158964463817555j)
6, 0, 9, 2(-3.56245692040315+0.07038091349200029j)
6, 0, 10, 0(71.80462483210499+0.20771024462516613j)
6, 0, 10, 1(-0.7031223648790984+0.0007086391506333094j)
6, 0, 10, 2(-3.015237625638304-1.9308632984160745e-08j)
6, 1, 0, 0(-0.7177235722191603+0.0012604721329868814j)
6, 1, 0, 1(71.3753183727336-9.888735499289508e-09j)
6, 1, 0, 2(-0.716502161029076+0.0008534106298260027j)
6, 1, 1, 0(0.20114112218310945+0.03533248321280514j)
6, 1, 1, 1(61.12390307336574+0.07917143096037424j)
6, 1, 1, 2(0.019269718751546712-0.04548174931909j)
6, 1, 2, 0(-1.4556698800812176-0.03570454496787654j)
6, 1, 2, 1(61.14213976191678+0.07938797154628104j)
6, 1, 2, 2(-1.2822343772171814+0.04572310653827188j)
6, 1, 3, 0(-0.9212976889746697+0.0030406827260702823j)
6, 1, 3, 1(96.0061204688523-0.013251065478391801j)
6, 1, 3, 2(-0.9036490805557748+0.0007339527733194115j)
6, 1, 4, 0(0.3904234593973166+0.06360279722295534j)
6, 1, 4, 1(56.68626531025264-0.0039789554177671275j)
6, 1, 4, 2(-0.5984739139730765-0.0009393113145229476j)
6, 1, 5, 0(-1.5676813573026258-0.06579709861161787j)
6, 1, 5, 1(56.70319138398266-0.004404281683246577j)
6, 1, 5, 2(-0.5904935998996556-0.00013725228318606925j)
6, 1, 6, 0(-1.0108330675702193+0.003296046356875827j)
6, 1, 6, 1(108.07868215014246+0j)
6, 1, 6, 2(-0.9843719954104706-5.569402734134643e-10j)
6, 1, 7, 0(0.21200372679448204+0.034773012769391425j)
6, 1, 7, 1(61.12897028324641+0.07960582221918211j)
6, 1, 7, 2(-1.280653646539791+0.04401731567532255j)
6, 1, 8, 0(-1.4507157232896333-0.037206529976658395j)
6, 1, 8, 1(61.1370762537567+0.07895359575966633j)
6, 1, 8, 2(0.03350482614354272-0.0458374214605599j)
6, 1, 9, 0(-0.9082940737296279+0.0017556668087413412j)
6, 1, 9, 1(96.00612215656845-0.013251060132649144j)
6, 1, 9, 2(-0.8906463877571026-0.0005510370878480074j)
6, 1, 10, 0(-0.7043436636220912-0.0003015598595500997j)
6, 1, 10, 1(71.37531837735465+3.003502189145857e-08j)
6, 1, 10, 2(-0.7031230407386166-0.0007086160264200073j)
6, 2, 0, 0(1.3080096816012479-6.3627596177950885e-09j)
6, 2, 0, 1(-0.7177235107731381-0.001260454164888375j)
6, 2, 0, 2(71.77786534167359-0.2077102240530738j)
6, 2, 1, 0(0.33473637261100747+0.03970967917926984j)
6, 2, 1, 1(0.019326104521757786-0.045643431113278114j)
6, 2, 1, 2(61.16206274106277+0.05600702614873171j)
6, 2, 2, 0(0.34453863846250005+0.03928807434647091j)
6, 2, 2, 1(-1.2819718335550945+0.04395266283197955j)
6, 2, 2, 2(61.16712594670428+0.05644137406747096j)
6, 2, 3, 0(1.5207642951954796-0.07003931667781685j)
6, 2, 3, 1(-0.904954492152827-0.0011701103398197264j)
6, 2, 3, 2(96.25894179851858-0.1371018618429664j)
6, 2, 4, 0(-0.5913695975216049-0.00017951900129727603j)
6, 2, 4, 1(-0.5981850625265644+0.00041889807114591643j)
6, 2, 4, 2(56.497192155585964+0.12760008655146726j)
6, 2, 5, 0(-0.5824186501961348-0.0014068088955522945j)
6, 2, 5, 1(-0.5892338396720321-0.0008084009812706003j)
6, 2, 5, 2(56.497189332832136+0.12760000841372676j)
6, 2, 6, 0(-1.0108349297614254+0.003296046855226501j)
6, 2, 6, 1(-0.9843719954104706+5.569402734134643e-10j)
6, 2, 6, 2(108.07868215973392+0j)
6, 2, 7, 0(-1.5888126583076252-0.04032697743311524j)
6, 2, 7, 1(-1.2815038890592072+0.04562507156047807j)
6, 2, 7, 2(61.18235521572802+0.05619024091966984j)
6, 2, 8, 0(-1.5849190458449625-0.04169107424057652j)
6, 2, 8, 1(0.033490176795540075-0.04575672661810856j)
6, 2, 8, 2(61.17728770421224+0.055755821862986776j)
6, 2, 9, 0(-3.353438216183315+0.07428384717567835j)
6, 2, 9, 1(-0.8907551984421725+0.0006974080410543544j)
6, 2, 9, 2(96.2861477899293-0.1365193882656665j)
6, 2, 10, 0(-2.735451518983313-1.943084783524729e-08j)
6, 2, 10, 1(-0.7043442903875893+0.00030158269885158587j)
6, 2, 10, 2(71.80462579540509-0.20771018295328558j)
7, 0, 0, 0(50.376255068530114-0.12726825441840067j)
7, 0, 0, 1(-0.8543379743563777-0.0187406239971486j)
7, 0, 0, 2(-0.9073677611116371+0.03796476922682818j)
7, 0, 1, 0(71.09295066780474+0.00026414924816652854j)
7, 0, 1, 1(-2.280754303750782+0.0005793008752458661j)
7, 0, 1, 2(-0.7669286187481488+0.07319562860669943j)
7, 0, 2, 0(51.78572322750041+3.203914177683873e-05j)
7, 0, 2, 1(-0.4833827065336246-0.04908989012232908j)
7, 0, 2, 2(-0.6083715843463724+0.06009248110048666j)
7, 0, 3, 0(49.848831385329206-0.0927028887442793j)
7, 0, 3, 1(-0.09282003296037152-0.023509976912354354j)
7, 0, 3, 2(-0.8499900749515977-0.029580179231057862j)
7, 0, 4, 0(97.66429418692623-0.007174480462477581j)
7, 0, 4, 1(-3.4634707610914273+0.029753215756899702j)
7, 0, 4, 2(0.32076023700961154+0.03667455367272706j)
7, 0, 5, 0(61.58706358741731-0.08919343175949712j)
7, 0, 5, 1(-0.2042635082088469-0.09066935045327655j)
7, 0, 5, 2(0.3845883146242073+0.027428271171033667j)
7, 0, 6, 0(58.96803781068221-0.3150204725350412j)
7, 0, 6, 1(0.21200372679448204-0.034773012769391425j)
7, 0, 6, 2(-1.5888126583076252+0.04032697743311524j)
7, 0, 7, 0(109.31802521151607+0j)
7, 0, 7, 1(-2.8292274816680107-0.0009316046968058408j)
7, 0, 7, 2(1.134382152656834+0.0007110718457454396j)
7, 0, 8, 0(79.73809570846258-0.00023682966427859375j)
7, 0, 8, 1(-0.709298764814354-0.06572061733194245j)
7, 0, 8, 2(1.0986584450470847+0.0007549082153399389j)
7, 0, 9, 0(77.62358578653962-0.1190018677224291j)
7, 0, 9, 1(-0.23936432484981998-0.03152574009475106j)
7, 0, 9, 2(-1.6374708107898264+0.10529470810494904j)
7, 0, 10, 0(96.13239818977458+0.028965461636556302j)
7, 0, 10, 1(-1.2825442687763906-0.03100577685676612j)
7, 0, 10, 2(0.40389269158287144+0.0346518447869552j)
7, 1, 0, 0(-0.8547144153147068-0.01985779276174776j)
7, 1, 0, 1(50.414672591847854-0.08719956965953929j)
7, 1, 0, 2(0.10507026504676813-0.06659816752713665j)
7, 1, 1, 0(-2.282332191115199-0.0007727342076233304j)
7, 1, 1, 1(73.1243950426832-0.0004575775342591799j)
7, 1, 1, 2(-0.5817876902139549-0.1290520208357011j)
7, 1, 2, 0(-0.6015076286498362-0.0480695886460095j)
7, 1, 2, 1(48.55101417705929-0.0002043513861403549j)
7, 1, 2, 2(-0.12869999933310972-0.00012685599165291467j)
7, 1, 3, 0(0.026066292292971183-0.025428518775333708j)
7, 1, 3, 1(51.45638170589626+0.027263227935586366j)
7, 1, 3, 2(-0.279866896431857-0.05318655233099882j)
7, 1, 4, 0(-3.4649998628023377+0.029706355751636142j)
7, 1, 4, 1(100.99171740430337-0.06961224736701084j)
7, 1, 4, 2(-3.0147304174233076-0.06325487131613527j)
7, 1, 5, 0(-0.3730539026209991-0.0879084069867753j)
7, 1, 5, 1(56.93310934230128-0.14070919465879586j)
7, 1, 5, 2(-0.12621064942288607-0.06154213035685958j)
7, 1, 6, 0(0.38205033181096865-0.03656616691154353j)
7, 1, 6, 1(61.12897028324641-0.07960582221918211j)
7, 1, 6, 2(-1.2815038890592072-0.04562507156047807j)
7, 1, 7, 0(-2.8292274816680107+0.0009316046968058408j)
7, 1, 7, 1(111.78350552278381+0j)
7, 1, 7, 2(-4.687061070020919+0.0015875586888079163j)
7, 1, 8, 0(-0.8346579015921457-0.06257707689457749j)
7, 1, 8, 1(76.15954444467258-0.000710650198592185j)
7, 1, 8, 2(-0.9053275398772795-0.12440536011180309j)
7, 1, 9, 0(-0.11458496538536246-0.03212509336393469j)
7, 1, 9, 1(79.42258563564954+0.044334817935350955j)
7, 1, 9, 2(-2.4933428080830535-0.05316222898740003j)
7, 1, 10, 0(-1.2828211319377958-0.029040309352626754j)
7, 1, 10, 1(96.28418448066931+0.09035105071826866j)
7, 1, 10, 2(-3.203774671256355-0.0585042532672047j)
7, 2, 0, 0(-0.814048477259916+0.03939254920782427j)
7, 2, 0, 1(-0.05838070177974172-0.06422687897118594j)
7, 2, 0, 2(46.17185301313563-0.2375565150469644j)
7, 2, 1, 0(-0.6275864014218575+0.07458637532838631j)
7, 2, 1, 1(-0.8241220218959087-0.12627880307706127j)
7, 2, 1, 2(66.8222283757458-0.00019342341709882582j)
7, 2, 2, 0(-0.47331404249237985+0.06147483787996913j)
7, 2, 2, 1(-0.12777521381018783+0.00015890469335308813j)
7, 2, 2, 2(47.82029713273009+0.00023635881716754792j)
7, 2, 3, 0(-0.9168936686693676-0.028556460543190984j)
7, 2, 3, 1(-0.3966934173547613-0.05047716029008229j)
7, 2, 3, 2(48.32289352089616-0.03157898525520464j)
7, 2, 4, 0(0.4265111835236679+0.03740469795629006j)
7, 2, 4, 1(-3.1959503687388557-0.06272806127842437j)
7, 2, 4, 2(96.29074439205581+0.14626104399475776j)
7, 2, 5, 0(0.4850091795963545+0.027675885995294067j)
7, 2, 5, 1(0.04378903489477174-0.06390599788262785j)
7, 2, 5, 2(60.369558682040264+0.0231707161819934j)
7, 2, 6, 0(-1.7827075030088007+0.04029197114264634j)
7, 2, 6, 1(-1.280653646539791-0.04401731567532255j)
7, 2, 6, 2(61.18235521572802-0.05619024091966984j)
7, 2, 7, 0(1.134382152656834-0.0007110718457454396j)
7, 2, 7, 1(-4.687061070020919-0.0015875586888079163j)
7, 2, 7, 2(112.98634244981744+0j)
7, 2, 8, 0(1.0981550930711894-0.0014655088628693375j)
7, 2, 8, 1(-0.6563761453113525-0.12971720950756077j)
7, 2, 8, 2(82.93449375199879-0.0004738018278223066j)
7, 2, 9, 0(-1.8535866576341857+0.10335318866255996j)
7, 2, 9, 1(-2.3663567141569235-0.05457103471534666j)
7, 2, 9, 2(83.54142532955784-0.03570596119016545j)
7, 2, 10, 0(0.29665700720201515+0.03137350736309003j)
7, 2, 10, 1(-3.0217126675739245-0.06350543951199517j)
7, 2, 10, 2(102.70076075223092-0.12538078240690131j)
8, 0, 0, 0(50.37385551244479-0.12706295764011158j)
8, 0, 0, 1(-0.239723598597553+0.020019611285555242j)
8, 0, 0, 2(-0.9037173120647405+0.037527604077422894j)
8, 0, 1, 0(51.78572322662217+0.0004406920266148913j)
8, 0, 1, 1(-0.5951770914630391+0.047557530203054026j)
8, 0, 1, 2(-0.602122767293948+0.05954838422025395j)
8, 0, 2, 0(71.07618604308595+0.00026414915537703544j)
8, 0, 2, 1(0.8469947990035521+0.0010673145888821995j)
8, 0, 2, 2(-0.7763095402937508+0.07270753376556252j)
8, 0, 3, 0(49.85700554196551-0.09249869253996383j)
8, 0, 3, 1(-0.9841654800081839+0.025040619895415j)
8, 0, 3, 2(-0.8432243470051981-0.029155023047712992j)
8, 0, 4, 0(61.58961556035013-0.08854099172403346j)
8, 0, 4, 1(-1.04330233634118+0.0876035909129183j)
8, 0, 4, 2(0.3914118606755922+0.02744605685242441j)
8, 0, 5, 0(97.6378626893497-0.007430616766072651j)
8, 0, 5, 1(1.6284547891833514-0.028473554167801972j)
8, 0, 5, 2(0.29498532955582124+0.03664391008598365j)
8, 0, 6, 0(58.981211359017536-0.31480264939744007j)
8, 0, 6, 1(-1.4507157232896333+0.037206529976658395j)
8, 0, 6, 2(-1.5849190458449625+0.04169107424057652j)
8, 0, 7, 0(79.73809570846258+0.00023682966427859375j)
8, 0, 7, 1(-0.8346579015921457+0.06257707689457749j)
8, 0, 7, 2(1.0981550930711894+0.0014655088628693375j)
8, 0, 8, 0(109.2990142796866+0j)
8, 0, 8, 1(0.8230275287802067+0.0013057280324113613j)
8, 0, 8, 2(1.1058696750739079+0.0018137967031612995j)
8, 0, 9, 0(77.63270831136273-0.11876517530220711j)
8, 0, 9, 1(-1.2918455379718656+0.03363572143307905j)
8, 0, 9, 2(-1.6417986560275062+0.10718996437666438j)
8, 0, 10, 0(96.12945232873051+0.029218089821388574j)
8, 0, 10, 1(-0.5195660967488346+0.030719475491214794j)
8, 0, 10, 2(0.3903922509024591+0.03623572940610271j)
8, 1, 0, 0(-0.23944092119745966+0.02020163007792478j)
8, 1, 0, 1(50.422551356465824-0.08658117248643146j)
8, 1, 0, 2(-1.179978115438507+0.06458871468655306j)
8, 1, 1, 0(-0.4780587608316636+0.05007467640146644j)
8, 1, 1, 1(48.56266873038675+0.0002043499563442521j)
8, 1, 1, 2(-0.9324462415732709+1.174624323144885e-06j)
8, 1, 2, 0(0.8474147904255791-0.00034559336423479895j)
8, 1, 2, 1(73.10763164768834+0.00045758248814244313j)
8, 1, 2, 2(-0.8330828849602369+0.12559730676518088j)
8, 1, 3, 0(-1.1011542817403437+0.0238927992951113j)
8, 1, 3, 1(51.470351301021935+0.02787707180692546j)
8, 1, 3, 2(-0.7886340474936641+0.050984048796962896j)
8, 1, 4, 0(-0.8756552019419022+0.09131754800397263j)
8, 1, 4, 1(56.946305834804626-0.13962198143700758j)
8, 1, 4, 2(-1.1172659228543174+0.06447818272143645j)
8, 1, 5, 0(1.6286594717143459-0.03133896925312526j)
8, 1, 5, 1(100.94172921116899-0.06936331508761608j)
8, 1, 5, 2(1.1841871336133776+0.06110482383441481j)
8, 1, 6, 0(-1.6185386413745573+0.03502515308836722j)
8, 1, 6, 1(61.1370762537567-0.07895359575966633j)
8, 1, 6, 2(0.033490176795540075+0.04575672661810856j)
8, 1, 7, 0(-0.709298764814354+0.06572061733194245j)
8, 1, 7, 1(76.15954444467258+0.000710650198592185j)
8, 1, 7, 2(-0.6563761453113525+0.12971720950756077j)
8, 1, 8, 0(0.8230275287802067-0.0013057280324113613j)
8, 1, 8, 1(111.72648258806434+0j)
8, 1, 8, 2(2.6610259855790566+0.0005119392187955471j)
8, 1, 9, 0(-1.4164418873553157+0.03108559486212349j)
8, 1, 9, 1(79.4143666612417+0.04504533135912656j)
8, 1, 9, 2(0.9312149413541266+0.055965464802005975j)
8, 1, 10, 0(-0.5191568331650783+0.030000282322217003j)
8, 1, 10, 1(96.25769516771595+0.0911070596381375j)
8, 1, 10, 2(1.3670080106212432+0.06359553868978929j)
8, 2, 0, 0(-0.8098199584733314+0.04044807115852451j)
8, 2, 0, 1(-1.017802562138031+0.06737175407437321j)
8, 2, 0, 2(46.18213128060144-0.2371434342882246j)
8, 2, 1, 0(-0.46790816820680164+0.062427585542732145j)
8, 2, 1, 1(-0.9323644120465235+0.00043952436289195623j)
8, 2, 1, 2(47.8319516849125+0.00023638403120274099j)
8, 2, 2, 0(-0.6349694868278932+0.07598958550790316j)
8, 2, 2, 1(-0.5895906326784852+0.13026183048190873j)
8, 2, 2, 2(66.82222837323387+0.0007217365381165797j)
8, 2, 3, 0(-0.909687330316133-0.02836782007808678j)
8, 2, 3, 1(-0.6729768086770667+0.052931210612902166j)
8, 2, 3, 2(48.32868911662152-0.031169340462365747j)
8, 2, 4, 0(0.4913821654321181+0.028745193822144785j)
8, 2, 4, 1(-1.2848225218337288+0.06175021982061586j)
8, 2, 4, 2(60.38020347383566+0.02360546429081567j)
8, 2, 5, 0(0.40229613183958246+0.03768427476560725j)
8, 2, 5, 1(1.3684879931815677+0.06508044255405787j)
8, 2, 5, 2(96.26718569136803+0.14676614619915407j)
8, 2, 6, 0(-1.7784916497751646+0.03958002430070569j)
8, 2, 6, 1(0.03350482614354272+0.0458374214605599j)
8, 2, 6, 2(61.17728770421224-0.055755821862986776j)
8, 2, 7, 0(1.0986584450470847-0.0007549082153399389j)
8, 2, 7, 1(-0.9053275398772795+0.12440536011180309j)
8, 2, 7, 2(82.93449375199879+0.0004738018278223066j)
8, 2, 8, 0(1.1058696750739079-0.0018137967031612995j)
8, 2, 8, 1(2.6610259855790566-0.0005119392187955471j)
8, 2, 8, 2(112.94832897655718+0j)
8, 2, 9, 0(-1.8574749313887295+0.10216837638169646j)
8, 2, 9, 1(0.8050219980426849+0.053158676224543275j)
8, 2, 9, 2(83.52408322689818-0.03523214857348189j)
8, 2, 10, 0(0.2836673537185036+0.030545585440140896j)
8, 2, 10, 1(1.1830459590880629+0.05852804160397354j)
8, 2, 10, 2(102.67721719429447-0.12487743333182832j)
9, 0, 0, 0(50.38421620405319-0.05419225424814349j)
9, 0, 0, 1(-0.5514326157171034-0.0002616241720725457j)
9, 0, 0, 2(0.20598320653655372-0.07592852700832414j)
9, 0, 1, 0(49.83875496913456+0.09246587364003649j)
9, 0, 1, 1(0.024114049920507575+0.02408054253813181j)
9, 0, 1, 2(-0.15313561779014745-0.029741201581495683j)
9, 0, 2, 0(49.84692912673695+0.09226167735560716j)
9, 0, 2, 1(-1.1097655821774526-0.024079930656569527j)
9, 0, 2, 2(-0.1525884297516154-0.028769012292869003j)
9, 0, 3, 0(74.13218912193163-0.0005284286993125797j)
9, 0, 3, 1(-0.7177444236793076-0.0016467001056695092j)
9, 0, 3, 2(-0.5697959539803127-0.14945062699677117j)
9, 0, 4, 0(59.27526073048756+0.04922641534239144j)
9, 0, 4, 1(0.04136886064529221+0.05353821082274853j)
9, 0, 4, 2(-0.7306392957228662-0.05938371166809374j)
9, 0, 5, 0(59.285885726145004+0.048792655379862535j)
9, 0, 5, 1(-1.2894563029212696-0.05272564135210022j)
9, 0, 5, 2(-0.7335930087483109-0.05803473559032503j)
9, 0, 6, 0(102.63643206677624-0.11108512329770902j)
9, 0, 6, 1(-0.9082940737296279-0.0017556668087413412j)
9, 0, 6, 2(-3.353438216183315-0.07428384717567835j)
9, 0, 7, 0(77.62358578653962+0.1190018677224291j)
9, 0, 7, 1(-0.11458496538536246+0.03212509336393469j)
9, 0, 7, 2(-1.8535866576341857-0.10335318866255996j)
9, 0, 8, 0(77.63270831136273+0.11876517530220711j)
9, 0, 8, 1(-1.4164418873553157-0.03108559486212349j)
9, 0, 8, 2(-1.8574749313887295-0.10216837638169646j)
9, 0, 9, 0(112.99549936987157+0j)
9, 0, 9, 1(-0.9866390494707675-0.0003753481006130235j)
9, 0, 9, 2(-5.261419279743963-4.084120437675143e-10j)
9, 0, 10, 0(96.28614365439851+0.1365193936303593j)
9, 0, 10, 1(-0.8906457432021289+0.0005510619222387379j)
9, 0, 10, 2(-3.562456410315567-0.07038093296721612j)
9, 1, 0, 0(-0.5513499287824543+0.0006725408391046028j)
9, 1, 0, 1(50.297134510607734-0.1347385018046562j)
9, 1, 0, 2(-0.5409147395589441-0.0006449303941894503j)
9, 1, 1, 0(-0.09514731611801983+0.0242113142472918j)
9, 1, 1, 1(51.46217866642027-0.02767285222080619j)
9, 1, 1, 2(-0.6816481596273133-0.0527924641640294j)
9, 1, 2, 0(-0.991427512382156-0.024680878951826375j)
9, 1, 2, 1(51.46455438375176-0.02746744401953993j)
9, 1, 2, 2(-0.39761114736659603+0.05139945713257288j)
9, 1, 3, 0(-0.7165930644790365+0.0011182705210272628j)
9, 1, 3, 1(70.06950703857368+6.243718731705622e-09j)
9, 1, 3, 2(-0.6980222773086511-0.001086567097537192j)
9, 1, 4, 0(-0.12892779739414162+0.05319906232624756j)
9, 1, 4, 1(61.7790434668226-0.13511450876740805j)
9, 1, 4, 2(-1.7745554638516576+0.0018910801381549491j)
9, 1, 5, 0(-1.1203119131796224-0.0548917524015772j)
9, 1, 5, 1(61.77400991844399-0.1355492163928615j)
9, 1, 5, 2(0.5134772253940254-0.0021472572794695027j)
9, 1, 6, 0(-0.9069823006681531+0.001158964463817555j)
9, 1, 6, 1(96.00612215656845+0.013251060132649144j)
9, 1, 6, 2(-0.8907551984421725-0.0006974080410543544j)
9, 1, 7, 0(-0.23936432484981998+0.03152574009475106j)
9, 1, 7, 1(79.42258563564954-0.044334817935350955j)
9, 1, 7, 2(-2.3663567141569235+0.05457103471534666j)
9, 1, 8, 0(-1.2918455379718656-0.03363572143307905j)
9, 1, 8, 1(79.4143666612417-0.04504533135912656j)
9, 1, 8, 2(0.8050219980426849-0.053158676224543275j)
9, 1, 9, 0(-0.9866390494707675+0.0003753481006130235j)
9, 1, 9, 1(108.10276696513603+0j)
9, 1, 9, 2(-0.9866405359475149+0.000375347669753643j)
9, 1, 10, 0(-0.8907545905594693-0.0006973825493492864j)
9, 1, 10, 1(96.0061188070678+0.01325107072341376j)
9, 1, 10, 2(-0.9069837660607125+0.0011589651676309765j)
9, 2, 0, 0(0.01690160055807255-0.07375241904402285j)
9, 2, 0, 1(-0.5420413631763636+0.0006881652314611707j)
9, 2, 0, 2(46.11047073313199-0.22557049092552783j)
9, 2, 1, 0(-0.22118898933002845-0.028186992799116958j)
9, 2, 1, 1(-0.7982140785448935-0.05115565842701658j)
9, 2, 1, 2(48.318614048696595+0.030932359307918766j)
9, 2, 2, 0(-0.21935814316987692-0.028953760370149538j)
9, 2, 2, 1(-0.2808502455147454+0.051823018910797616j)
9, 2, 2, 2(48.31281576786056+0.031341966530088916j)
9, 2, 3, 0(-0.8501889560427469-0.1450410036447819j)
9, 2, 3, 1(-0.6991736857355711+0.0005580856675956973j)
9, 2, 3, 2(66.81760369369152-0.0005284172464096182j)
9, 2, 4, 0(-0.6329896032447012-0.05907103944761036j)
9, 2, 4, 1(-1.9455934062527236+0.0024620468512759723j)
9, 2, 4, 2(61.69118649947866+0.09207160583744957j)
9, 2, 5, 0(-0.6350659042804303-0.06085463489953134j)
9, 2, 5, 1(0.6861508022394943-0.002926557898148451j)
9, 2, 5, 2(61.67552765648986+0.09207065848696816j)
9, 2, 6, 0(-3.56245692040315-0.07038091349200029j)
9, 2, 6, 1(-0.8906463877571026+0.0005510370878480074j)
9, 2, 6, 2(96.2861477899293+0.1365193882656665j)
9, 2, 7, 0(-1.6374708107898264-0.10529470810494904j)
9, 2, 7, 1(-2.4933428080830535+0.05316222898740003j)
9, 2, 7, 2(83.54142532955784+0.03570596119016545j)
9, 2, 8, 0(-1.6417986560275062-0.10718996437666438j)
9, 2, 8, 1(0.9312149413541266-0.055965464802005975j)
9, 2, 8, 2(83.52408322689818+0.03523214857348189j)
9, 2, 9, 0(-5.261419279743963+4.084120437675143e-10j)
9, 2, 9, 1(-0.9866405359475149-0.000375347669753643j)
9, 2, 9, 2(112.9954994944272+0j)
9, 2, 10, 0(-3.353437682333245-0.07428386585377958j)
9, 2, 10, 1(-0.9082955025321003-0.00175566598089116j)
9, 2, 10, 2(102.63642869205911-0.11108510710178021j)
10, 0, 0, 0(40.88625914727951+4.003316645198596e-11j)
10, 0, 0, 1(-0.4851723633153823+5.679387429097238e-11j)
10, 0, 0, 2(-0.47280987900763993-0.0013930594770691536j)
10, 0, 1, 0(50.3703324318215+0.12750683438837804j)
10, 0, 1, 1(-0.8517714383387205+0.01877691535811737j)
10, 0, 1, 2(-0.26291686740617204+0.037134936221980525j)
10, 0, 2, 0(50.367932876076+0.12730153752468648j)
10, 0, 2, 1(-0.2477424928277587-0.019609955209347964j)
10, 0, 2, 2(-0.2699333170539321+0.03775194663986356j)
10, 0, 3, 0(50.396092892752364+0.05371526199226883j)
10, 0, 3, 1(-0.5459654217144119-0.00018421208940813986j)
10, 0, 3, 2(-1.096628419038394-0.07646362839698935j)
10, 0, 4, 0(71.70677926827409+0.0036370621642600543j)
10, 0, 4, 1(-1.403801832846068+0.04963445998500752j)
10, 0, 4, 2(0.28051486268875914+0.005369150121226247j)
10, 0, 5, 0(71.70144278723637+0.003178959812138311j)
10, 0, 5, 1(-0.02400631866262921-0.050717216449015466j)
10, 0, 5, 2(0.26580743532723344+0.006218060448290999j)
10, 0, 6, 0(71.80462483210499-0.20771024462516613j)
10, 0, 6, 1(-0.7043436636220912+0.0003015598595500997j)
10, 0, 6, 2(-2.735451518983313+1.943084783524729e-08j)
10, 0, 7, 0(96.13239818977458-0.028965461636556302j)
10, 0, 7, 1(-1.2828211319377958+0.029040309352626754j)
10, 0, 7, 2(0.29665700720201515-0.03137350736309003j)
10, 0, 8, 0(96.12945232873051-0.029218089821388574j)
10, 0, 8, 1(-0.5191568331650783-0.030000282322217003j)
10, 0, 8, 2(0.2836673537185036-0.030545585440140896j)
10, 0, 9, 0(96.28614365439851-0.1365193936303593j)
10, 0, 9, 1(-0.8907545905594693+0.0006973825493492864j)
10, 0, 9, 2(-3.353437682333245+0.07428386585377958j)
10, 0, 10, 0(108.07868215397896+0j)
10, 0, 10, 1(-0.9843719944512326-2.2277765331264743e-10j)
10, 0, 10, 2(-1.0108338114841209+0.003296046444827727j)
10, 1, 0, 0(-0.4851723634107037-1.6761266419945686e-11j)
10, 1, 0, 1(40.88625914670599-4.170492076682741e-15j)
10, 1, 0, 2(-0.47280982764845425-0.0013930726565877342j)
10, 1, 1, 0(-0.8529269979296555+0.01964700486016256j)
10, 1, 1, 1(50.42495212270581+0.0867864945578113j)
10, 1, 1, 2(-1.0196533847453533-0.06666931515589233j)
10, 1, 2, 0(-0.24762418374126527-0.019959637414787443j)
10, 1, 2, 1(50.4122743021265+0.08699424916123373j)
10, 1, 2, 2(-0.06301938621365698+0.06449080724184945j)
10, 1, 3, 0(-0.5449393029389642-0.0007036879415276383j)
10, 1, 3, 1(50.29713381529596+0.13473849666827267j)
10, 1, 3, 2(-0.535548242051973-0.0016535045895306848j)
10, 1, 4, 0(-1.4050934273253664+0.05140754823264436j)
10, 1, 4, 1(71.9330862396171-0.10023547584147793j)
10, 1, 4, 2(-2.4522737204118474-0.0024713881517176295j)
10, 1, 5, 0(-0.023983765541198625-0.05148138436106499j)
10, 1, 5, 1(71.90460483086265-0.1006927195903429j)
10, 1, 5, 2(1.018520373377933+0.0033197429762578806j)
10, 1, 6, 0(-0.7031223648790984-0.0007086391506333094j)
10, 1, 6, 1(71.37531837735465-3.003502189145857e-08j)
10, 1, 6, 2(-0.7043442903875893-0.00030158269885158587j)
10, 1, 7, 0(-1.2825442687763906+0.03100577685676612j)
10, 1, 7, 1(96.28418448066931-0.09035105071826866j)
10, 1, 7, 2(-3.0217126675739245+0.06350543951199517j)
10, 1, 8, 0(-0.5195660967488346-0.030719475491214794j)
10, 1, 8, 1(96.25769516771595-0.0911070596381375j)
10, 1, 8, 2(1.1830459590880629-0.05852804160397354j)
10, 1, 9, 0(-0.8906457432021289-0.0005510619222387379j)
10, 1, 9, 1(96.0061188070678-0.01325107072341376j)
10, 1, 9, 2(-0.9082955025321003+0.00175566598089116j)
10, 1, 10, 0(-0.9843719944512326+2.2277765331264743e-10j)
10, 1, 10, 1(108.0786821578156+0j)
10, 1, 10, 2(-1.010834556365716+0.003296046644169333j)
10, 2, 0, 0(-0.4728098566177859+0.0013930858628424005j)
10, 2, 0, 1(-0.47280982755313355+0.0013930726966200936j)
10, 2, 0, 2(35.291192779584264+4.003875009317426e-11j)
10, 2, 1, 0(-0.1686167808046708+0.039693126613271054j)
10, 2, 1, 1(-1.1816518299072072-0.06484726216068407j)
10, 2, 1, 2(46.176208551852454+0.2373820267153952j)
10, 2, 2, 0(-0.17427834066399375+0.03928386526876872j)
10, 2, 2, 1(0.10138551943651976+0.06636752494903242j)
10, 2, 2, 2(46.165930237375356+0.23779509767418222j)
10, 2, 3, 0(-1.2836222061978086-0.0741052150259617j)
10, 2, 3, 1(-0.5355304903040131+0.001133231896714916j)
10, 2, 3, 2(46.122347960330934+0.2250935060980095j)
10, 2, 4, 0(0.4242831269963639+0.006076527352830881j)
10, 2, 4, 1(-2.695961997671404-0.003707138984607356j)
10, 2, 4, 2(72.0551432606718+0.26041746558963286j)
10, 2, 5, 0(0.4105085262813344+0.004770426133372424j)
10, 2, 5, 1(1.26648331154776+0.002701406444229273j)
10, 2, 5, 2(72.03199810642036+0.26041836580720057j)
10, 2, 6, 0(-3.015237625638304+1.9308632984160745e-08j)
10, 2, 6, 1(-0.7031230407386166+0.0007086160264200073j)
10, 2, 6, 2(71.80462579540509+0.20771018295328558j)
10, 2, 7, 0(0.40389269158287144-0.0346518447869552j)
10, 2, 7, 1(-3.203774671256355+0.0585042532672047j)
10, 2, 7, 2(102.70076075223092+0.12538078240690131j)
10, 2, 8, 0(0.3903922509024591-0.03623572940610271j)
10, 2, 8, 1(1.3670080106212432-0.06359553868978929j)
10, 2, 8, 2(102.67721719429447+0.12487743333182832j)
10, 2, 9, 0(-3.562456410315567+0.07038093296721612j)
10, 2, 9, 1(-0.9069837660607125-0.0011589651676309765j)
10, 2, 9, 2(102.63642869205911+0.11108510710178021j)
10, 2, 10, 0(-1.0108338114841209-0.003296046444827727j)
10, 2, 10, 1(-1.010834556365716-0.003296046644169333j)
10, 2, 10, 2(117.8773782448383+0j)
