 Madison1 (but called 2 in the email)                                            
         117
   10.0000000       0.00000000       0.00000000       0.00000000       0.00000000       1.54999995    
   1.43750000      0.120000005      0.688888907    
  -0.1378E+01  -0.1378E+01  -0.6889E+00   0.2187E+00
  -0.1378E+01  -0.1378E+01   0.0000E+00   0.3398E+00
  -0.1378E+01  -0.1378E+01   0.6889E+00   0.2187E+00
  -0.1378E+01  -0.6889E+00  -0.1378E+01   0.1378E+00
  -0.1378E+01  -0.6889E+00  -0.6889E+00   0.5240E+00
  -0.1378E+01  -0.6889E+00   0.0000E+00   0.6242E+00
  -0.1378E+01  -0.6889E+00   0.6889E+00   0.5240E+00
  -0.1378E+01  -0.6889E+00   0.1378E+01   0.1378E+00
  -0.1378E+01   0.0000E+00  -0.1378E+01   0.2356E+00
  -0.1378E+01   0.0000E+00  -0.6889E+00   0.6128E+00
  -0.1378E+01   0.0000E+00   0.0000E+00   0.6889E+00
  -0.1378E+01   0.0000E+00   0.6889E+00   0.6128E+00
  -0.1378E+01   0.0000E+00   0.1378E+01   0.2356E+00
  -0.1378E+01   0.6889E+00  -0.1378E+01   0.1378E+00
  -0.1378E+01   0.6889E+00  -0.6889E+00   0.5240E+00
  -0.1378E+01   0.6889E+00   0.0000E+00   0.6242E+00
  -0.1378E+01   0.6889E+00   0.6889E+00   0.5240E+00
  -0.1378E+01   0.6889E+00   0.1378E+01   0.1378E+00
  -0.1378E+01   0.1378E+01  -0.6889E+00   0.2187E+00
  -0.1378E+01   0.1378E+01   0.0000E+00   0.3398E+00
  -0.1378E+01   0.1378E+01   0.6889E+00   0.2187E+00
  -0.6889E+00  -0.1378E+01  -0.1378E+01   0.1378E+00
  -0.6889E+00  -0.1378E+01  -0.6889E+00   0.5240E+00
  -0.6889E+00  -0.1378E+01   0.0000E+00   0.6242E+00
  -0.6889E+00  -0.1378E+01   0.6889E+00   0.5240E+00
  -0.6889E+00  -0.1378E+01   0.1378E+01   0.1378E+00
  -0.6889E+00  -0.6889E+00  -0.1378E+01   0.4672E+00
  -0.6889E+00  -0.6889E+00  -0.6889E+00   0.6870E+00
  -0.6889E+00  -0.6889E+00   0.0000E+00   0.6889E+00
  -0.6889E+00  -0.6889E+00   0.6889E+00   0.6870E+00
  -0.6889E+00  -0.6889E+00   0.1378E+01   0.4672E+00
  -0.6889E+00   0.0000E+00  -0.1378E+01   0.5540E+00
  -0.6889E+00   0.0000E+00  -0.6889E+00   0.6889E+00
  -0.6889E+00   0.0000E+00   0.0000E+00   0.6889E+00
  -0.6889E+00   0.0000E+00   0.6889E+00   0.6889E+00
  -0.6889E+00   0.0000E+00   0.1378E+01   0.5540E+00
  -0.6889E+00   0.6889E+00  -0.1378E+01   0.4672E+00
  -0.6889E+00   0.6889E+00  -0.6889E+00   0.6870E+00
  -0.6889E+00   0.6889E+00   0.0000E+00   0.6889E+00
  -0.6889E+00   0.6889E+00   0.6889E+00   0.6870E+00
  -0.6889E+00   0.6889E+00   0.1378E+01   0.4672E+00
  -0.6889E+00   0.1378E+01  -0.1378E+01   0.1378E+00
  -0.6889E+00   0.1378E+01  -0.6889E+00   0.5240E+00
  -0.6889E+00   0.1378E+01   0.0000E+00   0.6242E+00
  -0.6889E+00   0.1378E+01   0.6889E+00   0.5240E+00
  -0.6889E+00   0.1378E+01   0.1378E+01   0.1378E+00
   0.0000E+00  -0.1378E+01  -0.1378E+01   0.2356E+00
   0.0000E+00  -0.1378E+01  -0.6889E+00   0.6128E+00
   0.0000E+00  -0.1378E+01   0.0000E+00   0.6889E+00
   0.0000E+00  -0.1378E+01   0.6889E+00   0.6128E+00
   0.0000E+00  -0.1378E+01   0.1378E+01   0.2356E+00
   0.0000E+00  -0.6889E+00  -0.1378E+01   0.5540E+00
   0.0000E+00  -0.6889E+00  -0.6889E+00   0.6889E+00
   0.0000E+00  -0.6889E+00   0.0000E+00   0.6889E+00
   0.0000E+00  -0.6889E+00   0.6889E+00   0.6889E+00
   0.0000E+00  -0.6889E+00   0.1378E+01   0.5540E+00
   0.0000E+00   0.0000E+00  -0.1378E+01   0.6309E+00
   0.0000E+00   0.0000E+00  -0.6889E+00   0.6889E+00
   0.0000E+00   0.0000E+00   0.0000E+00   0.6889E+00
   0.0000E+00   0.0000E+00   0.6889E+00   0.6889E+00
   0.0000E+00   0.0000E+00   0.1378E+01   0.6309E+00
   0.0000E+00   0.6889E+00  -0.1378E+01   0.5540E+00
   0.0000E+00   0.6889E+00  -0.6889E+00   0.6889E+00
   0.0000E+00   0.6889E+00   0.0000E+00   0.6889E+00
   0.0000E+00   0.6889E+00   0.6889E+00   0.6889E+00
   0.0000E+00   0.6889E+00   0.1378E+01   0.5540E+00
   0.0000E+00   0.1378E+01  -0.1378E+01   0.2356E+00
   0.0000E+00   0.1378E+01  -0.6889E+00   0.6128E+00
   0.0000E+00   0.1378E+01   0.0000E+00   0.6889E+00
   0.0000E+00   0.1378E+01   0.6889E+00   0.6128E+00
   0.0000E+00   0.1378E+01   0.1378E+01   0.2356E+00
   0.6889E+00  -0.1378E+01  -0.1378E+01   0.1378E+00
   0.6889E+00  -0.1378E+01  -0.6889E+00   0.5240E+00
   0.6889E+00  -0.1378E+01   0.0000E+00   0.6242E+00
   0.6889E+00  -0.1378E+01   0.6889E+00   0.5240E+00
   0.6889E+00  -0.1378E+01   0.1378E+01   0.1378E+00
   0.6889E+00  -0.6889E+00  -0.1378E+01   0.4672E+00
   0.6889E+00  -0.6889E+00  -0.6889E+00   0.6870E+00
   0.6889E+00  -0.6889E+00   0.0000E+00   0.6889E+00
   0.6889E+00  -0.6889E+00   0.6889E+00   0.6870E+00
   0.6889E+00  -0.6889E+00   0.1378E+01   0.4672E+00
   0.6889E+00   0.0000E+00  -0.1378E+01   0.5540E+00
   0.6889E+00   0.0000E+00  -0.6889E+00   0.6889E+00
   0.6889E+00   0.0000E+00   0.0000E+00   0.6889E+00
   0.6889E+00   0.0000E+00   0.6889E+00   0.6889E+00
   0.6889E+00   0.0000E+00   0.1378E+01   0.5540E+00
   0.6889E+00   0.6889E+00  -0.1378E+01   0.4672E+00
   0.6889E+00   0.6889E+00  -0.6889E+00   0.6870E+00
   0.6889E+00   0.6889E+00   0.0000E+00   0.6889E+00
   0.6889E+00   0.6889E+00   0.6889E+00   0.6870E+00
   0.6889E+00   0.6889E+00   0.1378E+01   0.4672E+00
   0.6889E+00   0.1378E+01  -0.1378E+01   0.1378E+00
   0.6889E+00   0.1378E+01  -0.6889E+00   0.5240E+00
   0.6889E+00   0.1378E+01   0.0000E+00   0.6242E+00
   0.6889E+00   0.1378E+01   0.6889E+00   0.5240E+00
   0.6889E+00   0.1378E+01   0.1378E+01   0.1378E+00
   0.1378E+01  -0.1378E+01  -0.6889E+00   0.2187E+00
   0.1378E+01  -0.1378E+01   0.0000E+00   0.3398E+00
   0.1378E+01  -0.1378E+01   0.6889E+00   0.2187E+00
   0.1378E+01  -0.6889E+00  -0.1378E+01   0.1378E+00
   0.1378E+01  -0.6889E+00  -0.6889E+00   0.5240E+00
   0.1378E+01  -0.6889E+00   0.0000E+00   0.6242E+00
   0.1378E+01  -0.6889E+00   0.6889E+00   0.5240E+00
   0.1378E+01  -0.6889E+00   0.1378E+01   0.1378E+00
   0.1378E+01   0.0000E+00  -0.1378E+01   0.2356E+00
   0.1378E+01   0.0000E+00  -0.6889E+00   0.6128E+00
   0.1378E+01   0.0000E+00   0.0000E+00   0.6889E+00
   0.1378E+01   0.0000E+00   0.6889E+00   0.6128E+00
   0.1378E+01   0.0000E+00   0.1378E+01   0.2356E+00
   0.1378E+01   0.6889E+00  -0.1378E+01   0.1378E+00
   0.1378E+01   0.6889E+00  -0.6889E+00   0.5240E+00
   0.1378E+01   0.6889E+00   0.0000E+00   0.6242E+00
   0.1378E+01   0.6889E+00   0.6889E+00   0.5240E+00
   0.1378E+01   0.6889E+00   0.1378E+01   0.1378E+00
   0.1378E+01   0.1378E+01  -0.6889E+00   0.2187E+00
   0.1378E+01   0.1378E+01   0.0000E+00   0.3398E+00
   0.1378E+01   0.1378E+01   0.6889E+00   0.2187E+00
   19.2676125    
   15.5985308    
