   0.0000E+00    0.0000E+00    0.1576E-07    0.6686E-02
   0.1000E+01    0.0000E+00    0.1572E-07    0.6683E-02
   0.2000E+01    0.0000E+00    0.1568E-07    0.6676E-02
   0.3000E+01    0.0000E+00    0.1563E-07    0.6663E-02
   0.4000E+01    0.0000E+00    0.1559E-07    0.6646E-02
   0.5000E+01    0.0000E+00    0.1554E-07    0.6624E-02
   0.6000E+01    0.0000E+00    0.1550E-07    0.6598E-02
   0.7000E+01    0.0000E+00    0.1545E-07    0.6567E-02
   0.8000E+01    0.0000E+00    0.1540E-07    0.6531E-02
   0.9000E+01    0.0000E+00    0.1536E-07    0.6491E-02
   0.1000E+02    0.0000E+00    0.1531E-07    0.6446E-02
   0.1100E+02    0.0000E+00    0.1527E-07    0.6397E-02
   0.1200E+02    0.0000E+00    0.1522E-07    0.6343E-02
   0.1300E+02    0.0000E+00    0.1517E-07    0.6286E-02
   0.1400E+02    0.0000E+00    0.1513E-07    0.6224E-02
   0.1500E+02    0.0000E+00    0.1508E-07    0.6158E-02
   0.1600E+02    0.0000E+00    0.1504E-07    0.6089E-02
   0.1700E+02    0.0000E+00    0.1499E-07    0.6015E-02
   0.1800E+02    0.0000E+00    0.1495E-07    0.5938E-02
   0.1900E+02    0.0000E+00    0.1490E-07    0.5858E-02
   0.2000E+02    0.0000E+00    0.1486E-07    0.5774E-02
   0.2100E+02    0.0000E+00    0.1481E-07    0.5686E-02
   0.2200E+02    0.0000E+00    0.1477E-07    0.5596E-02
   0.2300E+02    0.0000E+00    0.1472E-07    0.5503E-02
   0.2400E+02    0.0000E+00    0.1468E-07    0.5406E-02
   0.2500E+02    0.0000E+00    0.1464E-07    0.5307E-02
   0.2600E+02    0.0000E+00    0.1459E-07    0.5206E-02
   0.2700E+02    0.0000E+00    0.1455E-07    0.5102E-02
   0.2800E+02    0.0000E+00    0.1451E-07    0.4996E-02
   0.2900E+02    0.0000E+00    0.1447E-07    0.4888E-02
   0.3000E+02    0.0000E+00    0.1443E-07    0.4778E-02
   0.3100E+02    0.0000E+00    0.1439E-07    0.4666E-02
   0.3200E+02    0.0000E+00    0.1435E-07    0.4553E-02
   0.3300E+02    0.0000E+00    0.1431E-07    0.4438E-02
   0.3400E+02    0.0000E+00    0.1427E-07    0.4322E-02
   0.3500E+02    0.0000E+00    0.1423E-07    0.4205E-02
   0.3600E+02    0.0000E+00    0.1420E-07    0.4087E-02
   0.3700E+02    0.0000E+00    0.1416E-07    0.3969E-02
   0.3800E+02    0.0000E+00    0.1412E-07    0.3850E-02
   0.3900E+02    0.0000E+00    0.1409E-07    0.3730E-02
   0.4000E+02    0.0000E+00    0.1405E-07    0.3610E-02
   0.4100E+02    0.0000E+00    0.1402E-07    0.3491E-02
   0.4200E+02    0.0000E+00    0.1398E-07    0.3371E-02
   0.4300E+02    0.0000E+00    0.1395E-07    0.3252E-02
   0.4400E+02    0.0000E+00    0.1392E-07    0.3133E-02
   0.4500E+02    0.0000E+00    0.1388E-07    0.3015E-02
   0.4600E+02    0.0000E+00    0.1385E-07    0.2898E-02
   0.4700E+02    0.0000E+00    0.1382E-07    0.2781E-02
   0.4800E+02    0.0000E+00    0.1379E-07    0.2666E-02
   0.4900E+02    0.0000E+00    0.1376E-07    0.2551E-02
   0.5000E+02    0.0000E+00    0.1373E-07    0.2439E-02
   0.5100E+02    0.0000E+00    0.1370E-07    0.2327E-02
   0.5200E+02    0.0000E+00    0.1367E-07    0.2217E-02
   0.5300E+02    0.0000E+00    0.1365E-07    0.2109E-02
   0.5400E+02    0.0000E+00    0.1362E-07    0.2003E-02
   0.5500E+02    0.0000E+00    0.1359E-07    0.1899E-02
   0.5600E+02    0.0000E+00    0.1357E-07    0.1796E-02
   0.5700E+02    0.0000E+00    0.1354E-07    0.1696E-02
   0.5800E+02    0.0000E+00    0.1352E-07    0.1599E-02
   0.5900E+02    0.0000E+00    0.1349E-07    0.1503E-02
   0.6000E+02    0.0000E+00    0.1347E-07    0.1410E-02
   0.6100E+02    0.0000E+00    0.1345E-07    0.1320E-02
   0.6200E+02    0.0000E+00    0.1343E-07    0.1232E-02
   0.6300E+02    0.0000E+00    0.1340E-07    0.1147E-02
   0.6400E+02    0.0000E+00    0.1338E-07    0.1065E-02
   0.6500E+02    0.0000E+00    0.1336E-07    0.9857E-03
   0.6600E+02    0.0000E+00    0.1334E-07    0.9092E-03
   0.6700E+02    0.0000E+00    0.1332E-07    0.8357E-03
   0.6800E+02    0.0000E+00    0.1330E-07    0.7652E-03
   0.6900E+02    0.0000E+00    0.1328E-07    0.6977E-03
   0.7000E+02    0.0000E+00    0.1327E-07    0.6333E-03
   0.7100E+02    0.0000E+00    0.1325E-07    0.5720E-03
   0.7200E+02    0.0000E+00    0.1323E-07    0.5138E-03
   0.7300E+02    0.0000E+00    0.1322E-07    0.4588E-03
   0.7400E+02    0.0000E+00    0.1320E-07    0.4069E-03
   0.7500E+02    0.0000E+00    0.1318E-07    0.3582E-03
   0.7600E+02    0.0000E+00    0.1317E-07    0.3127E-03
   0.7700E+02    0.0000E+00    0.1315E-07    0.2703E-03
   0.7800E+02    0.0000E+00    0.1314E-07    0.2312E-03
   0.7900E+02    0.0000E+00    0.1313E-07    0.1952E-03
   0.8000E+02    0.0000E+00    0.1311E-07    0.1623E-03
   0.8100E+02    0.0000E+00    0.1310E-07    0.1326E-03
   0.8200E+02    0.0000E+00    0.1309E-07    0.1059E-03
   0.8300E+02    0.0000E+00    0.1307E-07    0.8237E-04
   0.8400E+02    0.0000E+00    0.1306E-07    0.6186E-04
   0.8500E+02    0.0000E+00    0.1305E-07    0.4436E-04
   0.8600E+02    0.0000E+00    0.1304E-07    0.2983E-04
   0.8700E+02    0.0000E+00    0.1303E-07    0.1824E-04
   0.8800E+02    0.0000E+00    0.1302E-07    0.9525E-05
   0.8900E+02    0.0000E+00    0.1301E-07    0.3648E-05
   0.9000E+02    0.0000E+00    0.1300E-07    0.5564E-06
   0.9100E+02    0.0000E+00    0.1299E-07    0.1950E-06
   0.9200E+02    0.0000E+00    0.1298E-07    0.2507E-05
   0.9300E+02    0.0000E+00    0.1297E-07    0.7433E-05
   0.9400E+02    0.0000E+00    0.1296E-07    0.1491E-04
   0.9500E+02    0.0000E+00    0.1295E-07    0.2488E-04
   0.9600E+02    0.0000E+00    0.1294E-07    0.3726E-04
   0.9700E+02    0.0000E+00    0.1293E-07    0.5201E-04
   0.9800E+02    0.0000E+00    0.1292E-07    0.6903E-04
   0.9900E+02    0.0000E+00    0.1292E-07    0.8827E-04
   0.1000E+03    0.0000E+00    0.1291E-07    0.1097E-03
   0.1010E+03    0.0000E+00    0.1290E-07    0.1331E-03
   0.1020E+03    0.0000E+00    0.1289E-07    0.1585E-03
   0.1030E+03    0.0000E+00    0.1288E-07    0.1859E-03
   0.1040E+03    0.0000E+00    0.1288E-07    0.2151E-03
   0.1050E+03    0.0000E+00    0.1287E-07    0.2461E-03
   0.1060E+03    0.0000E+00    0.1286E-07    0.2787E-03
   0.1070E+03    0.0000E+00    0.1286E-07    0.3130E-03
   0.1080E+03    0.0000E+00    0.1285E-07    0.3487E-03
   0.1090E+03    0.0000E+00    0.1284E-07    0.3860E-03
   0.1100E+03    0.0000E+00    0.1283E-07    0.4246E-03
   0.1110E+03    0.0000E+00    0.1283E-07    0.4645E-03
   0.1120E+03    0.0000E+00    0.1282E-07    0.5056E-03
   0.1130E+03    0.0000E+00    0.1281E-07    0.5479E-03
   0.1140E+03    0.0000E+00    0.1281E-07    0.5912E-03
   0.1150E+03    0.0000E+00    0.1280E-07    0.6355E-03
   0.1160E+03    0.0000E+00    0.1280E-07    0.6807E-03
   0.1170E+03    0.0000E+00    0.1279E-07    0.7267E-03
   0.1180E+03    0.0000E+00    0.1278E-07    0.7735E-03
   0.1190E+03    0.0000E+00    0.1278E-07    0.8210E-03
   0.1200E+03    0.0000E+00    0.1277E-07    0.8691E-03
   0.1210E+03    0.0000E+00    0.1277E-07    0.9178E-03
   0.1220E+03    0.0000E+00    0.1276E-07    0.9669E-03
   0.1230E+03    0.0000E+00    0.1276E-07    0.1016E-02
   0.1240E+03    0.0000E+00    0.1275E-07    0.1066E-02
   0.1250E+03    0.0000E+00    0.1275E-07    0.1116E-02
   0.1260E+03    0.0000E+00    0.1275E-07    0.1167E-02
   0.1270E+03    0.0000E+00    0.1274E-07    0.1217E-02
   0.1280E+03    0.0000E+00    0.1274E-07    0.1268E-02
   0.1290E+03    0.0000E+00    0.1274E-07    0.1318E-02
   0.1300E+03    0.0000E+00    0.1273E-07    0.1368E-02
   0.1310E+03    0.0000E+00    0.1273E-07    0.1419E-02
   0.1320E+03    0.0000E+00    0.1273E-07    0.1469E-02
   0.1330E+03    0.0000E+00    0.1273E-07    0.1519E-02
   0.1340E+03    0.0000E+00    0.1273E-07    0.1569E-02
   0.1350E+03    0.0000E+00    0.1272E-07    0.1618E-02
   0.1360E+03    0.0000E+00    0.1272E-07    0.1667E-02
   0.1370E+03    0.0000E+00    0.1272E-07    0.1715E-02
   0.1380E+03    0.0000E+00    0.1273E-07    0.1763E-02
   0.1390E+03    0.0000E+00    0.1273E-07    0.1811E-02
   0.1400E+03    0.0000E+00    0.1273E-07    0.1857E-02
   0.1410E+03    0.0000E+00    0.1273E-07    0.1904E-02
   0.1420E+03    0.0000E+00    0.1273E-07    0.1949E-02
   0.1430E+03    0.0000E+00    0.1274E-07    0.1994E-02
   0.1440E+03    0.0000E+00    0.1274E-07    0.2038E-02
   0.1450E+03    0.0000E+00    0.1275E-07    0.2081E-02
   0.1460E+03    0.0000E+00    0.1275E-07    0.2124E-02
   0.1470E+03    0.0000E+00    0.1276E-07    0.2166E-02
   0.1480E+03    0.0000E+00    0.1277E-07    0.2206E-02
   0.1490E+03    0.0000E+00    0.1277E-07    0.2246E-02
   0.1500E+03    0.0000E+00    0.1278E-07    0.2285E-02
   0.1510E+03    0.0000E+00    0.1279E-07    0.2322E-02
   0.1520E+03    0.0000E+00    0.1280E-07    0.2359E-02
   0.1530E+03    0.0000E+00    0.1281E-07    0.2395E-02
   0.1540E+03    0.0000E+00    0.1283E-07    0.2430E-02
   0.1550E+03    0.0000E+00    0.1284E-07    0.2463E-02
   0.1560E+03    0.0000E+00    0.1285E-07    0.2495E-02
   0.1570E+03    0.0000E+00    0.1287E-07    0.2527E-02
   0.1580E+03    0.0000E+00    0.1288E-07    0.2557E-02
   0.1590E+03    0.0000E+00    0.1290E-07    0.2585E-02
   0.1600E+03    0.0000E+00    0.1292E-07    0.2613E-02
   0.1610E+03    0.0000E+00    0.1293E-07    0.2639E-02
   0.1620E+03    0.0000E+00    0.1295E-07    0.2664E-02
   0.1630E+03    0.0000E+00    0.1297E-07    0.2688E-02
   0.1640E+03    0.0000E+00    0.1299E-07    0.2711E-02
   0.1650E+03    0.0000E+00    0.1302E-07    0.2732E-02
   0.1660E+03    0.0000E+00    0.1304E-07    0.2752E-02
   0.1670E+03    0.0000E+00    0.1306E-07    0.2771E-02
   0.1680E+03    0.0000E+00    0.1308E-07    0.2788E-02
   0.1690E+03    0.0000E+00    0.1311E-07    0.2804E-02
   0.1700E+03    0.0000E+00    0.1313E-07    0.2818E-02
   0.1710E+03    0.0000E+00    0.1316E-07    0.2831E-02
   0.1720E+03    0.0000E+00    0.1319E-07    0.2843E-02
   0.1730E+03    0.0000E+00    0.1322E-07    0.2853E-02
   0.1740E+03    0.0000E+00    0.1324E-07    0.2862E-02
   0.1750E+03    0.0000E+00    0.1327E-07    0.2870E-02
   0.1760E+03    0.0000E+00    0.1330E-07    0.2876E-02
   0.1770E+03    0.0000E+00    0.1333E-07    0.2881E-02
   0.1780E+03    0.0000E+00    0.1336E-07    0.2884E-02
   0.1790E+03    0.0000E+00    0.1340E-07    0.2886E-02
   0.1800E+03    0.0000E+00    0.1343E-07    0.2887E-02
