 Figure 3 from Dissertation with 10 dipoles on a side and 10 fs divisions        
         720
   10.0000000       0.00000000       0.00000000       0.00000000       0.00000000       1.54999995    
   1.48590004      0.122000001      0.310000002    
  -0.1395E+01  -0.7750E+00  -0.7750E+00   0.3100E-01
  -0.1395E+01  -0.7750E+00  -0.4650E+00   0.1467E+00
  -0.1395E+01  -0.7750E+00  -0.1550E+00   0.2035E+00
  -0.1395E+01  -0.7750E+00   0.1550E+00   0.2035E+00
  -0.1395E+01  -0.7750E+00   0.4650E+00   0.1467E+00
  -0.1395E+01  -0.7750E+00   0.7750E+00   0.3100E-01
  -0.1395E+01  -0.4650E+00  -0.7750E+00   0.1467E+00
  -0.1395E+01  -0.4650E+00  -0.4650E+00   0.2475E+00
  -0.1395E+01  -0.4650E+00  -0.1550E+00   0.2785E+00
  -0.1395E+01  -0.4650E+00   0.1550E+00   0.2785E+00
  -0.1395E+01  -0.4650E+00   0.4650E+00   0.2475E+00
  -0.1395E+01  -0.4650E+00   0.7750E+00   0.1467E+00
  -0.1395E+01  -0.1550E+00  -0.7750E+00   0.2035E+00
  -0.1395E+01  -0.1550E+00  -0.4650E+00   0.2785E+00
  -0.1395E+01  -0.1550E+00  -0.1550E+00   0.3032E+00
  -0.1395E+01  -0.1550E+00   0.1550E+00   0.3032E+00
  -0.1395E+01  -0.1550E+00   0.4650E+00   0.2785E+00
  -0.1395E+01  -0.1550E+00   0.7750E+00   0.2035E+00
  -0.1395E+01   0.1550E+00  -0.7750E+00   0.2035E+00
  -0.1395E+01   0.1550E+00  -0.4650E+00   0.2785E+00
  -0.1395E+01   0.1550E+00  -0.1550E+00   0.3032E+00
  -0.1395E+01   0.1550E+00   0.1550E+00   0.3032E+00
  -0.1395E+01   0.1550E+00   0.4650E+00   0.2785E+00
  -0.1395E+01   0.1550E+00   0.7750E+00   0.2035E+00
  -0.1395E+01   0.4650E+00  -0.7750E+00   0.1467E+00
  -0.1395E+01   0.4650E+00  -0.4650E+00   0.2475E+00
  -0.1395E+01   0.4650E+00  -0.1550E+00   0.2785E+00
  -0.1395E+01   0.4650E+00   0.1550E+00   0.2785E+00
  -0.1395E+01   0.4650E+00   0.4650E+00   0.2475E+00
  -0.1395E+01   0.4650E+00   0.7750E+00   0.1467E+00
  -0.1395E+01   0.7750E+00  -0.7750E+00   0.3100E-01
  -0.1395E+01   0.7750E+00  -0.4650E+00   0.1467E+00
  -0.1395E+01   0.7750E+00  -0.1550E+00   0.2035E+00
  -0.1395E+01   0.7750E+00   0.1550E+00   0.2035E+00
  -0.1395E+01   0.7750E+00   0.4650E+00   0.1467E+00
  -0.1395E+01   0.7750E+00   0.7750E+00   0.3100E-01
  -0.1085E+01  -0.1085E+01  -0.7750E+00   0.9184E-01
  -0.1085E+01  -0.1085E+01  -0.4650E+00   0.2001E+00
  -0.1085E+01  -0.1085E+01  -0.1550E+00   0.2467E+00
  -0.1085E+01  -0.1085E+01   0.1550E+00   0.2467E+00
  -0.1085E+01  -0.1085E+01   0.4650E+00   0.2001E+00
  -0.1085E+01  -0.1085E+01   0.7750E+00   0.9184E-01
  -0.1085E+01  -0.7750E+00  -0.1085E+01   0.9184E-01
  -0.1085E+01  -0.7750E+00  -0.7750E+00   0.2472E+00
  -0.1085E+01  -0.7750E+00  -0.4650E+00   0.3025E+00
  -0.1085E+01  -0.7750E+00  -0.1550E+00   0.3098E+00
  -0.1085E+01  -0.7750E+00   0.1550E+00   0.3098E+00
  -0.1085E+01  -0.7750E+00   0.4650E+00   0.3025E+00
  -0.1085E+01  -0.7750E+00   0.7750E+00   0.2472E+00
  -0.1085E+01  -0.7750E+00   0.1085E+01   0.9184E-01
  -0.1085E+01  -0.4650E+00  -0.1085E+01   0.2001E+00
  -0.1085E+01  -0.4650E+00  -0.7750E+00   0.3025E+00
  -0.1085E+01  -0.4650E+00  -0.4650E+00   0.3100E+00
  -0.1085E+01  -0.4650E+00  -0.1550E+00   0.3100E+00
  -0.1085E+01  -0.4650E+00   0.1550E+00   0.3100E+00
  -0.1085E+01  -0.4650E+00   0.4650E+00   0.3100E+00
  -0.1085E+01  -0.4650E+00   0.7750E+00   0.3025E+00
  -0.1085E+01  -0.4650E+00   0.1085E+01   0.2001E+00
  -0.1085E+01  -0.1550E+00  -0.1085E+01   0.2467E+00
  -0.1085E+01  -0.1550E+00  -0.7750E+00   0.3098E+00
  -0.1085E+01  -0.1550E+00  -0.4650E+00   0.3100E+00
  -0.1085E+01  -0.1550E+00  -0.1550E+00   0.3100E+00
  -0.1085E+01  -0.1550E+00   0.1550E+00   0.3100E+00
  -0.1085E+01  -0.1550E+00   0.4650E+00   0.3100E+00
  -0.1085E+01  -0.1550E+00   0.7750E+00   0.3098E+00
  -0.1085E+01  -0.1550E+00   0.1085E+01   0.2467E+00
  -0.1085E+01   0.1550E+00  -0.1085E+01   0.2467E+00
  -0.1085E+01   0.1550E+00  -0.7750E+00   0.3098E+00
  -0.1085E+01   0.1550E+00  -0.4650E+00   0.3100E+00
  -0.1085E+01   0.1550E+00  -0.1550E+00   0.3100E+00
  -0.1085E+01   0.1550E+00   0.1550E+00   0.3100E+00
  -0.1085E+01   0.1550E+00   0.4650E+00   0.3100E+00
  -0.1085E+01   0.1550E+00   0.7750E+00   0.3098E+00
  -0.1085E+01   0.1550E+00   0.1085E+01   0.2467E+00
  -0.1085E+01   0.4650E+00  -0.1085E+01   0.2001E+00
  -0.1085E+01   0.4650E+00  -0.7750E+00   0.3025E+00
  -0.1085E+01   0.4650E+00  -0.4650E+00   0.3100E+00
  -0.1085E+01   0.4650E+00  -0.1550E+00   0.3100E+00
  -0.1085E+01   0.4650E+00   0.1550E+00   0.3100E+00
  -0.1085E+01   0.4650E+00   0.4650E+00   0.3100E+00
  -0.1085E+01   0.4650E+00   0.7750E+00   0.3025E+00
  -0.1085E+01   0.4650E+00   0.1085E+01   0.2001E+00
  -0.1085E+01   0.7750E+00  -0.1085E+01   0.9184E-01
  -0.1085E+01   0.7750E+00  -0.7750E+00   0.2472E+00
  -0.1085E+01   0.7750E+00  -0.4650E+00   0.3025E+00
  -0.1085E+01   0.7750E+00  -0.1550E+00   0.3098E+00
  -0.1085E+01   0.7750E+00   0.1550E+00   0.3098E+00
  -0.1085E+01   0.7750E+00   0.4650E+00   0.3025E+00
  -0.1085E+01   0.7750E+00   0.7750E+00   0.2472E+00
  -0.1085E+01   0.7750E+00   0.1085E+01   0.9184E-01
  -0.1085E+01   0.1085E+01  -0.7750E+00   0.9184E-01
  -0.1085E+01   0.1085E+01  -0.4650E+00   0.2001E+00
  -0.1085E+01   0.1085E+01  -0.1550E+00   0.2467E+00
  -0.1085E+01   0.1085E+01   0.1550E+00   0.2467E+00
  -0.1085E+01   0.1085E+01   0.4650E+00   0.2001E+00
  -0.1085E+01   0.1085E+01   0.7750E+00   0.9184E-01
  -0.7750E+00  -0.1395E+01  -0.7750E+00   0.3100E-01
  -0.7750E+00  -0.1395E+01  -0.4650E+00   0.1467E+00
  -0.7750E+00  -0.1395E+01  -0.1550E+00   0.2035E+00
  -0.7750E+00  -0.1395E+01   0.1550E+00   0.2035E+00
  -0.7750E+00  -0.1395E+01   0.4650E+00   0.1467E+00
  -0.7750E+00  -0.1395E+01   0.7750E+00   0.3100E-01
  -0.7750E+00  -0.1085E+01  -0.1085E+01   0.9184E-01
  -0.7750E+00  -0.1085E+01  -0.7750E+00   0.2472E+00
  -0.7750E+00  -0.1085E+01  -0.4650E+00   0.3025E+00
  -0.7750E+00  -0.1085E+01  -0.1550E+00   0.3098E+00
  -0.7750E+00  -0.1085E+01   0.1550E+00   0.3098E+00
  -0.7750E+00  -0.1085E+01   0.4650E+00   0.3025E+00
  -0.7750E+00  -0.1085E+01   0.7750E+00   0.2472E+00
  -0.7750E+00  -0.1085E+01   0.1085E+01   0.9184E-01
  -0.7750E+00  -0.7750E+00  -0.1395E+01   0.3100E-01
  -0.7750E+00  -0.7750E+00  -0.1085E+01   0.2472E+00
  -0.7750E+00  -0.7750E+00  -0.7750E+00   0.3096E+00
  -0.7750E+00  -0.7750E+00  -0.4650E+00   0.3100E+00
  -0.7750E+00  -0.7750E+00  -0.1550E+00   0.3100E+00
  -0.7750E+00  -0.7750E+00   0.1550E+00   0.3100E+00
  -0.7750E+00  -0.7750E+00   0.4650E+00   0.3100E+00
  -0.7750E+00  -0.7750E+00   0.7750E+00   0.3096E+00
  -0.7750E+00  -0.7750E+00   0.1085E+01   0.2472E+00
  -0.7750E+00  -0.7750E+00   0.1395E+01   0.3100E-01
  -0.7750E+00  -0.4650E+00  -0.1395E+01   0.1467E+00
  -0.7750E+00  -0.4650E+00  -0.1085E+01   0.3025E+00
  -0.7750E+00  -0.4650E+00  -0.7750E+00   0.3100E+00
  -0.7750E+00  -0.4650E+00  -0.4650E+00   0.3100E+00
  -0.7750E+00  -0.4650E+00  -0.1550E+00   0.3100E+00
  -0.7750E+00  -0.4650E+00   0.1550E+00   0.3100E+00
  -0.7750E+00  -0.4650E+00   0.4650E+00   0.3100E+00
  -0.7750E+00  -0.4650E+00   0.7750E+00   0.3100E+00
  -0.7750E+00  -0.4650E+00   0.1085E+01   0.3025E+00
  -0.7750E+00  -0.4650E+00   0.1395E+01   0.1467E+00
  -0.7750E+00  -0.1550E+00  -0.1395E+01   0.2035E+00
  -0.7750E+00  -0.1550E+00  -0.1085E+01   0.3098E+00
  -0.7750E+00  -0.1550E+00  -0.7750E+00   0.3100E+00
  -0.7750E+00  -0.1550E+00  -0.4650E+00   0.3100E+00
  -0.7750E+00  -0.1550E+00  -0.1550E+00   0.3100E+00
  -0.7750E+00  -0.1550E+00   0.1550E+00   0.3100E+00
  -0.7750E+00  -0.1550E+00   0.4650E+00   0.3100E+00
  -0.7750E+00  -0.1550E+00   0.7750E+00   0.3100E+00
  -0.7750E+00  -0.1550E+00   0.1085E+01   0.3098E+00
  -0.7750E+00  -0.1550E+00   0.1395E+01   0.2035E+00
  -0.7750E+00   0.1550E+00  -0.1395E+01   0.2035E+00
  -0.7750E+00   0.1550E+00  -0.1085E+01   0.3098E+00
  -0.7750E+00   0.1550E+00  -0.7750E+00   0.3100E+00
  -0.7750E+00   0.1550E+00  -0.4650E+00   0.3100E+00
  -0.7750E+00   0.1550E+00  -0.1550E+00   0.3100E+00
  -0.7750E+00   0.1550E+00   0.1550E+00   0.3100E+00
  -0.7750E+00   0.1550E+00   0.4650E+00   0.3100E+00
  -0.7750E+00   0.1550E+00   0.7750E+00   0.3100E+00
  -0.7750E+00   0.1550E+00   0.1085E+01   0.3098E+00
  -0.7750E+00   0.1550E+00   0.1395E+01   0.2035E+00
  -0.7750E+00   0.4650E+00  -0.1395E+01   0.1467E+00
  -0.7750E+00   0.4650E+00  -0.1085E+01   0.3025E+00
  -0.7750E+00   0.4650E+00  -0.7750E+00   0.3100E+00
  -0.7750E+00   0.4650E+00  -0.4650E+00   0.3100E+00
  -0.7750E+00   0.4650E+00  -0.1550E+00   0.3100E+00
  -0.7750E+00   0.4650E+00   0.1550E+00   0.3100E+00
  -0.7750E+00   0.4650E+00   0.4650E+00   0.3100E+00
  -0.7750E+00   0.4650E+00   0.7750E+00   0.3100E+00
  -0.7750E+00   0.4650E+00   0.1085E+01   0.3025E+00
  -0.7750E+00   0.4650E+00   0.1395E+01   0.1467E+00
  -0.7750E+00   0.7750E+00  -0.1395E+01   0.3100E-01
  -0.7750E+00   0.7750E+00  -0.1085E+01   0.2472E+00
  -0.7750E+00   0.7750E+00  -0.7750E+00   0.3096E+00
  -0.7750E+00   0.7750E+00  -0.4650E+00   0.3100E+00
  -0.7750E+00   0.7750E+00  -0.1550E+00   0.3100E+00
  -0.7750E+00   0.7750E+00   0.1550E+00   0.3100E+00
  -0.7750E+00   0.7750E+00   0.4650E+00   0.3100E+00
  -0.7750E+00   0.7750E+00   0.7750E+00   0.3096E+00
  -0.7750E+00   0.7750E+00   0.1085E+01   0.2472E+00
  -0.7750E+00   0.7750E+00   0.1395E+01   0.3100E-01
  -0.7750E+00   0.1085E+01  -0.1085E+01   0.9184E-01
  -0.7750E+00   0.1085E+01  -0.7750E+00   0.2472E+00
  -0.7750E+00   0.1085E+01  -0.4650E+00   0.3025E+00
  -0.7750E+00   0.1085E+01  -0.1550E+00   0.3098E+00
  -0.7750E+00   0.1085E+01   0.1550E+00   0.3098E+00
  -0.7750E+00   0.1085E+01   0.4650E+00   0.3025E+00
  -0.7750E+00   0.1085E+01   0.7750E+00   0.2472E+00
  -0.7750E+00   0.1085E+01   0.1085E+01   0.9184E-01
  -0.7750E+00   0.1395E+01  -0.7750E+00   0.3100E-01
  -0.7750E+00   0.1395E+01  -0.4650E+00   0.1467E+00
  -0.7750E+00   0.1395E+01  -0.1550E+00   0.2035E+00
  -0.7750E+00   0.1395E+01   0.1550E+00   0.2035E+00
  -0.7750E+00   0.1395E+01   0.4650E+00   0.1467E+00
  -0.7750E+00   0.1395E+01   0.7750E+00   0.3100E-01
  -0.4650E+00  -0.1395E+01  -0.7750E+00   0.1467E+00
  -0.4650E+00  -0.1395E+01  -0.4650E+00   0.2475E+00
  -0.4650E+00  -0.1395E+01  -0.1550E+00   0.2785E+00
  -0.4650E+00  -0.1395E+01   0.1550E+00   0.2785E+00
  -0.4650E+00  -0.1395E+01   0.4650E+00   0.2475E+00
  -0.4650E+00  -0.1395E+01   0.7750E+00   0.1467E+00
  -0.4650E+00  -0.1085E+01  -0.1085E+01   0.2001E+00
  -0.4650E+00  -0.1085E+01  -0.7750E+00   0.3025E+00
  -0.4650E+00  -0.1085E+01  -0.4650E+00   0.3100E+00
  -0.4650E+00  -0.1085E+01  -0.1550E+00   0.3100E+00
  -0.4650E+00  -0.1085E+01   0.1550E+00   0.3100E+00
  -0.4650E+00  -0.1085E+01   0.4650E+00   0.3100E+00
  -0.4650E+00  -0.1085E+01   0.7750E+00   0.3025E+00
  -0.4650E+00  -0.1085E+01   0.1085E+01   0.2001E+00
  -0.4650E+00  -0.7750E+00  -0.1395E+01   0.1467E+00
  -0.4650E+00  -0.7750E+00  -0.1085E+01   0.3025E+00
  -0.4650E+00  -0.7750E+00  -0.7750E+00   0.3100E+00
  -0.4650E+00  -0.7750E+00  -0.4650E+00   0.3100E+00
  -0.4650E+00  -0.7750E+00  -0.1550E+00   0.3100E+00
  -0.4650E+00  -0.7750E+00   0.1550E+00   0.3100E+00
  -0.4650E+00  -0.7750E+00   0.4650E+00   0.3100E+00
  -0.4650E+00  -0.7750E+00   0.7750E+00   0.3100E+00
  -0.4650E+00  -0.7750E+00   0.1085E+01   0.3025E+00
  -0.4650E+00  -0.7750E+00   0.1395E+01   0.1467E+00
  -0.4650E+00  -0.4650E+00  -0.1395E+01   0.2475E+00
  -0.4650E+00  -0.4650E+00  -0.1085E+01   0.3100E+00
  -0.4650E+00  -0.4650E+00  -0.7750E+00   0.3100E+00
  -0.4650E+00  -0.4650E+00  -0.4650E+00   0.3100E+00
  -0.4650E+00  -0.4650E+00  -0.1550E+00   0.3100E+00
  -0.4650E+00  -0.4650E+00   0.1550E+00   0.3100E+00
  -0.4650E+00  -0.4650E+00   0.4650E+00   0.3100E+00
  -0.4650E+00  -0.4650E+00   0.7750E+00   0.3100E+00
  -0.4650E+00  -0.4650E+00   0.1085E+01   0.3100E+00
  -0.4650E+00  -0.4650E+00   0.1395E+01   0.2475E+00
  -0.4650E+00  -0.1550E+00  -0.1395E+01   0.2785E+00
  -0.4650E+00  -0.1550E+00  -0.1085E+01   0.3100E+00
  -0.4650E+00  -0.1550E+00  -0.7750E+00   0.3100E+00
  -0.4650E+00  -0.1550E+00  -0.4650E+00   0.3100E+00
  -0.4650E+00  -0.1550E+00  -0.1550E+00   0.3100E+00
  -0.4650E+00  -0.1550E+00   0.1550E+00   0.3100E+00
  -0.4650E+00  -0.1550E+00   0.4650E+00   0.3100E+00
  -0.4650E+00  -0.1550E+00   0.7750E+00   0.3100E+00
  -0.4650E+00  -0.1550E+00   0.1085E+01   0.3100E+00
  -0.4650E+00  -0.1550E+00   0.1395E+01   0.2785E+00
  -0.4650E+00   0.1550E+00  -0.1395E+01   0.2785E+00
  -0.4650E+00   0.1550E+00  -0.1085E+01   0.3100E+00
  -0.4650E+00   0.1550E+00  -0.7750E+00   0.3100E+00
  -0.4650E+00   0.1550E+00  -0.4650E+00   0.3100E+00
  -0.4650E+00   0.1550E+00  -0.1550E+00   0.3100E+00
  -0.4650E+00   0.1550E+00   0.1550E+00   0.3100E+00
  -0.4650E+00   0.1550E+00   0.4650E+00   0.3100E+00
  -0.4650E+00   0.1550E+00   0.7750E+00   0.3100E+00
  -0.4650E+00   0.1550E+00   0.1085E+01   0.3100E+00
  -0.4650E+00   0.1550E+00   0.1395E+01   0.2785E+00
  -0.4650E+00   0.4650E+00  -0.1395E+01   0.2475E+00
  -0.4650E+00   0.4650E+00  -0.1085E+01   0.3100E+00
  -0.4650E+00   0.4650E+00  -0.7750E+00   0.3100E+00
  -0.4650E+00   0.4650E+00  -0.4650E+00   0.3100E+00
  -0.4650E+00   0.4650E+00  -0.1550E+00   0.3100E+00
  -0.4650E+00   0.4650E+00   0.1550E+00   0.3100E+00
  -0.4650E+00   0.4650E+00   0.4650E+00   0.3100E+00
  -0.4650E+00   0.4650E+00   0.7750E+00   0.3100E+00
  -0.4650E+00   0.4650E+00   0.1085E+01   0.3100E+00
  -0.4650E+00   0.4650E+00   0.1395E+01   0.2475E+00
  -0.4650E+00   0.7750E+00  -0.1395E+01   0.1467E+00
  -0.4650E+00   0.7750E+00  -0.1085E+01   0.3025E+00
  -0.4650E+00   0.7750E+00  -0.7750E+00   0.3100E+00
  -0.4650E+00   0.7750E+00  -0.4650E+00   0.3100E+00
  -0.4650E+00   0.7750E+00  -0.1550E+00   0.3100E+00
  -0.4650E+00   0.7750E+00   0.1550E+00   0.3100E+00
  -0.4650E+00   0.7750E+00   0.4650E+00   0.3100E+00
  -0.4650E+00   0.7750E+00   0.7750E+00   0.3100E+00
  -0.4650E+00   0.7750E+00   0.1085E+01   0.3025E+00
  -0.4650E+00   0.7750E+00   0.1395E+01   0.1467E+00
  -0.4650E+00   0.1085E+01  -0.1085E+01   0.2001E+00
  -0.4650E+00   0.1085E+01  -0.7750E+00   0.3025E+00
  -0.4650E+00   0.1085E+01  -0.4650E+00   0.3100E+00
  -0.4650E+00   0.1085E+01  -0.1550E+00   0.3100E+00
  -0.4650E+00   0.1085E+01   0.1550E+00   0.3100E+00
  -0.4650E+00   0.1085E+01   0.4650E+00   0.3100E+00
  -0.4650E+00   0.1085E+01   0.7750E+00   0.3025E+00
  -0.4650E+00   0.1085E+01   0.1085E+01   0.2001E+00
  -0.4650E+00   0.1395E+01  -0.7750E+00   0.1467E+00
  -0.4650E+00   0.1395E+01  -0.4650E+00   0.2475E+00
  -0.4650E+00   0.1395E+01  -0.1550E+00   0.2785E+00
  -0.4650E+00   0.1395E+01   0.1550E+00   0.2785E+00
  -0.4650E+00   0.1395E+01   0.4650E+00   0.2475E+00
  -0.4650E+00   0.1395E+01   0.7750E+00   0.1467E+00
  -0.1550E+00  -0.1395E+01  -0.7750E+00   0.2035E+00
  -0.1550E+00  -0.1395E+01  -0.4650E+00   0.2785E+00
  -0.1550E+00  -0.1395E+01  -0.1550E+00   0.3032E+00
  -0.1550E+00  -0.1395E+01   0.1550E+00   0.3032E+00
  -0.1550E+00  -0.1395E+01   0.4650E+00   0.2785E+00
  -0.1550E+00  -0.1395E+01   0.7750E+00   0.2035E+00
  -0.1550E+00  -0.1085E+01  -0.1085E+01   0.2467E+00
  -0.1550E+00  -0.1085E+01  -0.7750E+00   0.3098E+00
  -0.1550E+00  -0.1085E+01  -0.4650E+00   0.3100E+00
  -0.1550E+00  -0.1085E+01  -0.1550E+00   0.3100E+00
  -0.1550E+00  -0.1085E+01   0.1550E+00   0.3100E+00
  -0.1550E+00  -0.1085E+01   0.4650E+00   0.3100E+00
  -0.1550E+00  -0.1085E+01   0.7750E+00   0.3098E+00
  -0.1550E+00  -0.1085E+01   0.1085E+01   0.2467E+00
  -0.1550E+00  -0.7750E+00  -0.1395E+01   0.2035E+00
  -0.1550E+00  -0.7750E+00  -0.1085E+01   0.3098E+00
  -0.1550E+00  -0.7750E+00  -0.7750E+00   0.3100E+00
  -0.1550E+00  -0.7750E+00  -0.4650E+00   0.3100E+00
  -0.1550E+00  -0.7750E+00  -0.1550E+00   0.3100E+00
  -0.1550E+00  -0.7750E+00   0.1550E+00   0.3100E+00
  -0.1550E+00  -0.7750E+00   0.4650E+00   0.3100E+00
  -0.1550E+00  -0.7750E+00   0.7750E+00   0.3100E+00
  -0.1550E+00  -0.7750E+00   0.1085E+01   0.3098E+00
  -0.1550E+00  -0.7750E+00   0.1395E+01   0.2035E+00
  -0.1550E+00  -0.4650E+00  -0.1395E+01   0.2785E+00
  -0.1550E+00  -0.4650E+00  -0.1085E+01   0.3100E+00
  -0.1550E+00  -0.4650E+00  -0.7750E+00   0.3100E+00
  -0.1550E+00  -0.4650E+00  -0.4650E+00   0.3100E+00
  -0.1550E+00  -0.4650E+00  -0.1550E+00   0.3100E+00
  -0.1550E+00  -0.4650E+00   0.1550E+00   0.3100E+00
  -0.1550E+00  -0.4650E+00   0.4650E+00   0.3100E+00
  -0.1550E+00  -0.4650E+00   0.7750E+00   0.3100E+00
  -0.1550E+00  -0.4650E+00   0.1085E+01   0.3100E+00
  -0.1550E+00  -0.4650E+00   0.1395E+01   0.2785E+00
  -0.1550E+00  -0.1550E+00  -0.1395E+01   0.3032E+00
  -0.1550E+00  -0.1550E+00  -0.1085E+01   0.3100E+00
  -0.1550E+00  -0.1550E+00  -0.7750E+00   0.3100E+00
  -0.1550E+00  -0.1550E+00  -0.4650E+00   0.3100E+00
  -0.1550E+00  -0.1550E+00  -0.1550E+00   0.3100E+00
  -0.1550E+00  -0.1550E+00   0.1550E+00   0.3100E+00
  -0.1550E+00  -0.1550E+00   0.4650E+00   0.3100E+00
  -0.1550E+00  -0.1550E+00   0.7750E+00   0.3100E+00
  -0.1550E+00  -0.1550E+00   0.1085E+01   0.3100E+00
  -0.1550E+00  -0.1550E+00   0.1395E+01   0.3032E+00
  -0.1550E+00   0.1550E+00  -0.1395E+01   0.3032E+00
  -0.1550E+00   0.1550E+00  -0.1085E+01   0.3100E+00
  -0.1550E+00   0.1550E+00  -0.7750E+00   0.3100E+00
  -0.1550E+00   0.1550E+00  -0.4650E+00   0.3100E+00
  -0.1550E+00   0.1550E+00  -0.1550E+00   0.3100E+00
  -0.1550E+00   0.1550E+00   0.1550E+00   0.3100E+00
  -0.1550E+00   0.1550E+00   0.4650E+00   0.3100E+00
  -0.1550E+00   0.1550E+00   0.7750E+00   0.3100E+00
  -0.1550E+00   0.1550E+00   0.1085E+01   0.3100E+00
  -0.1550E+00   0.1550E+00   0.1395E+01   0.3032E+00
  -0.1550E+00   0.4650E+00  -0.1395E+01   0.2785E+00
  -0.1550E+00   0.4650E+00  -0.1085E+01   0.3100E+00
  -0.1550E+00   0.4650E+00  -0.7750E+00   0.3100E+00
  -0.1550E+00   0.4650E+00  -0.4650E+00   0.3100E+00
  -0.1550E+00   0.4650E+00  -0.1550E+00   0.3100E+00
  -0.1550E+00   0.4650E+00   0.1550E+00   0.3100E+00
  -0.1550E+00   0.4650E+00   0.4650E+00   0.3100E+00
  -0.1550E+00   0.4650E+00   0.7750E+00   0.3100E+00
  -0.1550E+00   0.4650E+00   0.1085E+01   0.3100E+00
  -0.1550E+00   0.4650E+00   0.1395E+01   0.2785E+00
  -0.1550E+00   0.7750E+00  -0.1395E+01   0.2035E+00
  -0.1550E+00   0.7750E+00  -0.1085E+01   0.3098E+00
  -0.1550E+00   0.7750E+00  -0.7750E+00   0.3100E+00
  -0.1550E+00   0.7750E+00  -0.4650E+00   0.3100E+00
  -0.1550E+00   0.7750E+00  -0.1550E+00   0.3100E+00
  -0.1550E+00   0.7750E+00   0.1550E+00   0.3100E+00
  -0.1550E+00   0.7750E+00   0.4650E+00   0.3100E+00
  -0.1550E+00   0.7750E+00   0.7750E+00   0.3100E+00
  -0.1550E+00   0.7750E+00   0.1085E+01   0.3098E+00
  -0.1550E+00   0.7750E+00   0.1395E+01   0.2035E+00
  -0.1550E+00   0.1085E+01  -0.1085E+01   0.2467E+00
  -0.1550E+00   0.1085E+01  -0.7750E+00   0.3098E+00
  -0.1550E+00   0.1085E+01  -0.4650E+00   0.3100E+00
  -0.1550E+00   0.1085E+01  -0.1550E+00   0.3100E+00
  -0.1550E+00   0.1085E+01   0.1550E+00   0.3100E+00
  -0.1550E+00   0.1085E+01   0.4650E+00   0.3100E+00
  -0.1550E+00   0.1085E+01   0.7750E+00   0.3098E+00
  -0.1550E+00   0.1085E+01   0.1085E+01   0.2467E+00
  -0.1550E+00   0.1395E+01  -0.7750E+00   0.2035E+00
  -0.1550E+00   0.1395E+01  -0.4650E+00   0.2785E+00
  -0.1550E+00   0.1395E+01  -0.1550E+00   0.3032E+00
  -0.1550E+00   0.1395E+01   0.1550E+00   0.3032E+00
  -0.1550E+00   0.1395E+01   0.4650E+00   0.2785E+00
  -0.1550E+00   0.1395E+01   0.7750E+00   0.2035E+00
   0.1550E+00  -0.1395E+01  -0.7750E+00   0.2035E+00
   0.1550E+00  -0.1395E+01  -0.4650E+00   0.2785E+00
   0.1550E+00  -0.1395E+01  -0.1550E+00   0.3032E+00
   0.1550E+00  -0.1395E+01   0.1550E+00   0.3032E+00
   0.1550E+00  -0.1395E+01   0.4650E+00   0.2785E+00
   0.1550E+00  -0.1395E+01   0.7750E+00   0.2035E+00
   0.1550E+00  -0.1085E+01  -0.1085E+01   0.2467E+00
   0.1550E+00  -0.1085E+01  -0.7750E+00   0.3098E+00
   0.1550E+00  -0.1085E+01  -0.4650E+00   0.3100E+00
   0.1550E+00  -0.1085E+01  -0.1550E+00   0.3100E+00
   0.1550E+00  -0.1085E+01   0.1550E+00   0.3100E+00
   0.1550E+00  -0.1085E+01   0.4650E+00   0.3100E+00
   0.1550E+00  -0.1085E+01   0.7750E+00   0.3098E+00
   0.1550E+00  -0.1085E+01   0.1085E+01   0.2467E+00
   0.1550E+00  -0.7750E+00  -0.1395E+01   0.2035E+00
   0.1550E+00  -0.7750E+00  -0.1085E+01   0.3098E+00
   0.1550E+00  -0.7750E+00  -0.7750E+00   0.3100E+00
   0.1550E+00  -0.7750E+00  -0.4650E+00   0.3100E+00
   0.1550E+00  -0.7750E+00  -0.1550E+00   0.3100E+00
   0.1550E+00  -0.7750E+00   0.1550E+00   0.3100E+00
   0.1550E+00  -0.7750E+00   0.4650E+00   0.3100E+00
   0.1550E+00  -0.7750E+00   0.7750E+00   0.3100E+00
   0.1550E+00  -0.7750E+00   0.1085E+01   0.3098E+00
   0.1550E+00  -0.7750E+00   0.1395E+01   0.2035E+00
   0.1550E+00  -0.4650E+00  -0.1395E+01   0.2785E+00
   0.1550E+00  -0.4650E+00  -0.1085E+01   0.3100E+00
   0.1550E+00  -0.4650E+00  -0.7750E+00   0.3100E+00
   0.1550E+00  -0.4650E+00  -0.4650E+00   0.3100E+00
   0.1550E+00  -0.4650E+00  -0.1550E+00   0.3100E+00
   0.1550E+00  -0.4650E+00   0.1550E+00   0.3100E+00
   0.1550E+00  -0.4650E+00   0.4650E+00   0.3100E+00
   0.1550E+00  -0.4650E+00   0.7750E+00   0.3100E+00
   0.1550E+00  -0.4650E+00   0.1085E+01   0.3100E+00
   0.1550E+00  -0.4650E+00   0.1395E+01   0.2785E+00
   0.1550E+00  -0.1550E+00  -0.1395E+01   0.3032E+00
   0.1550E+00  -0.1550E+00  -0.1085E+01   0.3100E+00
   0.1550E+00  -0.1550E+00  -0.7750E+00   0.3100E+00
   0.1550E+00  -0.1550E+00  -0.4650E+00   0.3100E+00
   0.1550E+00  -0.1550E+00  -0.1550E+00   0.3100E+00
   0.1550E+00  -0.1550E+00   0.1550E+00   0.3100E+00
   0.1550E+00  -0.1550E+00   0.4650E+00   0.3100E+00
   0.1550E+00  -0.1550E+00   0.7750E+00   0.3100E+00
   0.1550E+00  -0.1550E+00   0.1085E+01   0.3100E+00
   0.1550E+00  -0.1550E+00   0.1395E+01   0.3032E+00
   0.1550E+00   0.1550E+00  -0.1395E+01   0.3032E+00
   0.1550E+00   0.1550E+00  -0.1085E+01   0.3100E+00
   0.1550E+00   0.1550E+00  -0.7750E+00   0.3100E+00
   0.1550E+00   0.1550E+00  -0.4650E+00   0.3100E+00
   0.1550E+00   0.1550E+00  -0.1550E+00   0.3100E+00
   0.1550E+00   0.1550E+00   0.1550E+00   0.3100E+00
   0.1550E+00   0.1550E+00   0.4650E+00   0.3100E+00
   0.1550E+00   0.1550E+00   0.7750E+00   0.3100E+00
   0.1550E+00   0.1550E+00   0.1085E+01   0.3100E+00
   0.1550E+00   0.1550E+00   0.1395E+01   0.3032E+00
   0.1550E+00   0.4650E+00  -0.1395E+01   0.2785E+00
   0.1550E+00   0.4650E+00  -0.1085E+01   0.3100E+00
   0.1550E+00   0.4650E+00  -0.7750E+00   0.3100E+00
   0.1550E+00   0.4650E+00  -0.4650E+00   0.3100E+00
   0.1550E+00   0.4650E+00  -0.1550E+00   0.3100E+00
   0.1550E+00   0.4650E+00   0.1550E+00   0.3100E+00
   0.1550E+00   0.4650E+00   0.4650E+00   0.3100E+00
   0.1550E+00   0.4650E+00   0.7750E+00   0.3100E+00
   0.1550E+00   0.4650E+00   0.1085E+01   0.3100E+00
   0.1550E+00   0.4650E+00   0.1395E+01   0.2785E+00
   0.1550E+00   0.7750E+00  -0.1395E+01   0.2035E+00
   0.1550E+00   0.7750E+00  -0.1085E+01   0.3098E+00
   0.1550E+00   0.7750E+00  -0.7750E+00   0.3100E+00
   0.1550E+00   0.7750E+00  -0.4650E+00   0.3100E+00
   0.1550E+00   0.7750E+00  -0.1550E+00   0.3100E+00
   0.1550E+00   0.7750E+00   0.1550E+00   0.3100E+00
   0.1550E+00   0.7750E+00   0.4650E+00   0.3100E+00
   0.1550E+00   0.7750E+00   0.7750E+00   0.3100E+00
   0.1550E+00   0.7750E+00   0.1085E+01   0.3098E+00
   0.1550E+00   0.7750E+00   0.1395E+01   0.2035E+00
   0.1550E+00   0.1085E+01  -0.1085E+01   0.2467E+00
   0.1550E+00   0.1085E+01  -0.7750E+00   0.3098E+00
   0.1550E+00   0.1085E+01  -0.4650E+00   0.3100E+00
   0.1550E+00   0.1085E+01  -0.1550E+00   0.3100E+00
   0.1550E+00   0.1085E+01   0.1550E+00   0.3100E+00
   0.1550E+00   0.1085E+01   0.4650E+00   0.3100E+00
   0.1550E+00   0.1085E+01   0.7750E+00   0.3098E+00
   0.1550E+00   0.1085E+01   0.1085E+01   0.2467E+00
   0.1550E+00   0.1395E+01  -0.7750E+00   0.2035E+00
   0.1550E+00   0.1395E+01  -0.4650E+00   0.2785E+00
   0.1550E+00   0.1395E+01  -0.1550E+00   0.3032E+00
   0.1550E+00   0.1395E+01   0.1550E+00   0.3032E+00
   0.1550E+00   0.1395E+01   0.4650E+00   0.2785E+00
   0.1550E+00   0.1395E+01   0.7750E+00   0.2035E+00
   0.4650E+00  -0.1395E+01  -0.7750E+00   0.1467E+00
   0.4650E+00  -0.1395E+01  -0.4650E+00   0.2475E+00
   0.4650E+00  -0.1395E+01  -0.1550E+00   0.2785E+00
   0.4650E+00  -0.1395E+01   0.1550E+00   0.2785E+00
   0.4650E+00  -0.1395E+01   0.4650E+00   0.2475E+00
   0.4650E+00  -0.1395E+01   0.7750E+00   0.1467E+00
   0.4650E+00  -0.1085E+01  -0.1085E+01   0.2001E+00
   0.4650E+00  -0.1085E+01  -0.7750E+00   0.3025E+00
   0.4650E+00  -0.1085E+01  -0.4650E+00   0.3100E+00
   0.4650E+00  -0.1085E+01  -0.1550E+00   0.3100E+00
   0.4650E+00  -0.1085E+01   0.1550E+00   0.3100E+00
   0.4650E+00  -0.1085E+01   0.4650E+00   0.3100E+00
   0.4650E+00  -0.1085E+01   0.7750E+00   0.3025E+00
   0.4650E+00  -0.1085E+01   0.1085E+01   0.2001E+00
   0.4650E+00  -0.7750E+00  -0.1395E+01   0.1467E+00
   0.4650E+00  -0.7750E+00  -0.1085E+01   0.3025E+00
   0.4650E+00  -0.7750E+00  -0.7750E+00   0.3100E+00
   0.4650E+00  -0.7750E+00  -0.4650E+00   0.3100E+00
   0.4650E+00  -0.7750E+00  -0.1550E+00   0.3100E+00
   0.4650E+00  -0.7750E+00   0.1550E+00   0.3100E+00
   0.4650E+00  -0.7750E+00   0.4650E+00   0.3100E+00
   0.4650E+00  -0.7750E+00   0.7750E+00   0.3100E+00
   0.4650E+00  -0.7750E+00   0.1085E+01   0.3025E+00
   0.4650E+00  -0.7750E+00   0.1395E+01   0.1467E+00
   0.4650E+00  -0.4650E+00  -0.1395E+01   0.2475E+00
   0.4650E+00  -0.4650E+00  -0.1085E+01   0.3100E+00
   0.4650E+00  -0.4650E+00  -0.7750E+00   0.3100E+00
   0.4650E+00  -0.4650E+00  -0.4650E+00   0.3100E+00
   0.4650E+00  -0.4650E+00  -0.1550E+00   0.3100E+00
   0.4650E+00  -0.4650E+00   0.1550E+00   0.3100E+00
   0.4650E+00  -0.4650E+00   0.4650E+00   0.3100E+00
   0.4650E+00  -0.4650E+00   0.7750E+00   0.3100E+00
   0.4650E+00  -0.4650E+00   0.1085E+01   0.3100E+00
   0.4650E+00  -0.4650E+00   0.1395E+01   0.2475E+00
   0.4650E+00  -0.1550E+00  -0.1395E+01   0.2785E+00
   0.4650E+00  -0.1550E+00  -0.1085E+01   0.3100E+00
   0.4650E+00  -0.1550E+00  -0.7750E+00   0.3100E+00
   0.4650E+00  -0.1550E+00  -0.4650E+00   0.3100E+00
   0.4650E+00  -0.1550E+00  -0.1550E+00   0.3100E+00
   0.4650E+00  -0.1550E+00   0.1550E+00   0.3100E+00
   0.4650E+00  -0.1550E+00   0.4650E+00   0.3100E+00
   0.4650E+00  -0.1550E+00   0.7750E+00   0.3100E+00
   0.4650E+00  -0.1550E+00   0.1085E+01   0.3100E+00
   0.4650E+00  -0.1550E+00   0.1395E+01   0.2785E+00
   0.4650E+00   0.1550E+00  -0.1395E+01   0.2785E+00
   0.4650E+00   0.1550E+00  -0.1085E+01   0.3100E+00
   0.4650E+00   0.1550E+00  -0.7750E+00   0.3100E+00
   0.4650E+00   0.1550E+00  -0.4650E+00   0.3100E+00
   0.4650E+00   0.1550E+00  -0.1550E+00   0.3100E+00
   0.4650E+00   0.1550E+00   0.1550E+00   0.3100E+00
   0.4650E+00   0.1550E+00   0.4650E+00   0.3100E+00
   0.4650E+00   0.1550E+00   0.7750E+00   0.3100E+00
   0.4650E+00   0.1550E+00   0.1085E+01   0.3100E+00
   0.4650E+00   0.1550E+00   0.1395E+01   0.2785E+00
   0.4650E+00   0.4650E+00  -0.1395E+01   0.2475E+00
   0.4650E+00   0.4650E+00  -0.1085E+01   0.3100E+00
   0.4650E+00   0.4650E+00  -0.7750E+00   0.3100E+00
   0.4650E+00   0.4650E+00  -0.4650E+00   0.3100E+00
   0.4650E+00   0.4650E+00  -0.1550E+00   0.3100E+00
   0.4650E+00   0.4650E+00   0.1550E+00   0.3100E+00
   0.4650E+00   0.4650E+00   0.4650E+00   0.3100E+00
   0.4650E+00   0.4650E+00   0.7750E+00   0.3100E+00
   0.4650E+00   0.4650E+00   0.1085E+01   0.3100E+00
   0.4650E+00   0.4650E+00   0.1395E+01   0.2475E+00
   0.4650E+00   0.7750E+00  -0.1395E+01   0.1467E+00
   0.4650E+00   0.7750E+00  -0.1085E+01   0.3025E+00
   0.4650E+00   0.7750E+00  -0.7750E+00   0.3100E+00
   0.4650E+00   0.7750E+00  -0.4650E+00   0.3100E+00
   0.4650E+00   0.7750E+00  -0.1550E+00   0.3100E+00
   0.4650E+00   0.7750E+00   0.1550E+00   0.3100E+00
   0.4650E+00   0.7750E+00   0.4650E+00   0.3100E+00
   0.4650E+00   0.7750E+00   0.7750E+00   0.3100E+00
   0.4650E+00   0.7750E+00   0.1085E+01   0.3025E+00
   0.4650E+00   0.7750E+00   0.1395E+01   0.1467E+00
   0.4650E+00   0.1085E+01  -0.1085E+01   0.2001E+00
   0.4650E+00   0.1085E+01  -0.7750E+00   0.3025E+00
   0.4650E+00   0.1085E+01  -0.4650E+00   0.3100E+00
   0.4650E+00   0.1085E+01  -0.1550E+00   0.3100E+00
   0.4650E+00   0.1085E+01   0.1550E+00   0.3100E+00
   0.4650E+00   0.1085E+01   0.4650E+00   0.3100E+00
   0.4650E+00   0.1085E+01   0.7750E+00   0.3025E+00
   0.4650E+00   0.1085E+01   0.1085E+01   0.2001E+00
   0.4650E+00   0.1395E+01  -0.7750E+00   0.1467E+00
   0.4650E+00   0.1395E+01  -0.4650E+00   0.2475E+00
   0.4650E+00   0.1395E+01  -0.1550E+00   0.2785E+00
   0.4650E+00   0.1395E+01   0.1550E+00   0.2785E+00
   0.4650E+00   0.1395E+01   0.4650E+00   0.2475E+00
   0.4650E+00   0.1395E+01   0.7750E+00   0.1467E+00
   0.7750E+00  -0.1395E+01  -0.7750E+00   0.3100E-01
   0.7750E+00  -0.1395E+01  -0.4650E+00   0.1467E+00
   0.7750E+00  -0.1395E+01  -0.1550E+00   0.2035E+00
   0.7750E+00  -0.1395E+01   0.1550E+00   0.2035E+00
   0.7750E+00  -0.1395E+01   0.4650E+00   0.1467E+00
   0.7750E+00  -0.1395E+01   0.7750E+00   0.3100E-01
   0.7750E+00  -0.1085E+01  -0.1085E+01   0.9184E-01
   0.7750E+00  -0.1085E+01  -0.7750E+00   0.2472E+00
   0.7750E+00  -0.1085E+01  -0.4650E+00   0.3025E+00
   0.7750E+00  -0.1085E+01  -0.1550E+00   0.3098E+00
   0.7750E+00  -0.1085E+01   0.1550E+00   0.3098E+00
   0.7750E+00  -0.1085E+01   0.4650E+00   0.3025E+00
   0.7750E+00  -0.1085E+01   0.7750E+00   0.2472E+00
   0.7750E+00  -0.1085E+01   0.1085E+01   0.9184E-01
   0.7750E+00  -0.7750E+00  -0.1395E+01   0.3100E-01
   0.7750E+00  -0.7750E+00  -0.1085E+01   0.2472E+00
   0.7750E+00  -0.7750E+00  -0.7750E+00   0.3096E+00
   0.7750E+00  -0.7750E+00  -0.4650E+00   0.3100E+00
   0.7750E+00  -0.7750E+00  -0.1550E+00   0.3100E+00
   0.7750E+00  -0.7750E+00   0.1550E+00   0.3100E+00
   0.7750E+00  -0.7750E+00   0.4650E+00   0.3100E+00
   0.7750E+00  -0.7750E+00   0.7750E+00   0.3096E+00
   0.7750E+00  -0.7750E+00   0.1085E+01   0.2472E+00
   0.7750E+00  -0.7750E+00   0.1395E+01   0.3100E-01
   0.7750E+00  -0.4650E+00  -0.1395E+01   0.1467E+00
   0.7750E+00  -0.4650E+00  -0.1085E+01   0.3025E+00
   0.7750E+00  -0.4650E+00  -0.7750E+00   0.3100E+00
   0.7750E+00  -0.4650E+00  -0.4650E+00   0.3100E+00
   0.7750E+00  -0.4650E+00  -0.1550E+00   0.3100E+00
   0.7750E+00  -0.4650E+00   0.1550E+00   0.3100E+00
   0.7750E+00  -0.4650E+00   0.4650E+00   0.3100E+00
   0.7750E+00  -0.4650E+00   0.7750E+00   0.3100E+00
   0.7750E+00  -0.4650E+00   0.1085E+01   0.3025E+00
   0.7750E+00  -0.4650E+00   0.1395E+01   0.1467E+00
   0.7750E+00  -0.1550E+00  -0.1395E+01   0.2035E+00
   0.7750E+00  -0.1550E+00  -0.1085E+01   0.3098E+00
   0.7750E+00  -0.1550E+00  -0.7750E+00   0.3100E+00
   0.7750E+00  -0.1550E+00  -0.4650E+00   0.3100E+00
   0.7750E+00  -0.1550E+00  -0.1550E+00   0.3100E+00
   0.7750E+00  -0.1550E+00   0.1550E+00   0.3100E+00
   0.7750E+00  -0.1550E+00   0.4650E+00   0.3100E+00
   0.7750E+00  -0.1550E+00   0.7750E+00   0.3100E+00
   0.7750E+00  -0.1550E+00   0.1085E+01   0.3098E+00
   0.7750E+00  -0.1550E+00   0.1395E+01   0.2035E+00
   0.7750E+00   0.1550E+00  -0.1395E+01   0.2035E+00
   0.7750E+00   0.1550E+00  -0.1085E+01   0.3098E+00
   0.7750E+00   0.1550E+00  -0.7750E+00   0.3100E+00
   0.7750E+00   0.1550E+00  -0.4650E+00   0.3100E+00
   0.7750E+00   0.1550E+00  -0.1550E+00   0.3100E+00
   0.7750E+00   0.1550E+00   0.1550E+00   0.3100E+00
   0.7750E+00   0.1550E+00   0.4650E+00   0.3100E+00
   0.7750E+00   0.1550E+00   0.7750E+00   0.3100E+00
   0.7750E+00   0.1550E+00   0.1085E+01   0.3098E+00
   0.7750E+00   0.1550E+00   0.1395E+01   0.2035E+00
   0.7750E+00   0.4650E+00  -0.1395E+01   0.1467E+00
   0.7750E+00   0.4650E+00  -0.1085E+01   0.3025E+00
   0.7750E+00   0.4650E+00  -0.7750E+00   0.3100E+00
   0.7750E+00   0.4650E+00  -0.4650E+00   0.3100E+00
   0.7750E+00   0.4650E+00  -0.1550E+00   0.3100E+00
   0.7750E+00   0.4650E+00   0.1550E+00   0.3100E+00
   0.7750E+00   0.4650E+00   0.4650E+00   0.3100E+00
   0.7750E+00   0.4650E+00   0.7750E+00   0.3100E+00
   0.7750E+00   0.4650E+00   0.1085E+01   0.3025E+00
   0.7750E+00   0.4650E+00   0.1395E+01   0.1467E+00
   0.7750E+00   0.7750E+00  -0.1395E+01   0.3100E-01
   0.7750E+00   0.7750E+00  -0.1085E+01   0.2472E+00
   0.7750E+00   0.7750E+00  -0.7750E+00   0.3096E+00
   0.7750E+00   0.7750E+00  -0.4650E+00   0.3100E+00
   0.7750E+00   0.7750E+00  -0.1550E+00   0.3100E+00
   0.7750E+00   0.7750E+00   0.1550E+00   0.3100E+00
   0.7750E+00   0.7750E+00   0.4650E+00   0.3100E+00
   0.7750E+00   0.7750E+00   0.7750E+00   0.3096E+00
   0.7750E+00   0.7750E+00   0.1085E+01   0.2472E+00
   0.7750E+00   0.7750E+00   0.1395E+01   0.3100E-01
   0.7750E+00   0.1085E+01  -0.1085E+01   0.9184E-01
   0.7750E+00   0.1085E+01  -0.7750E+00   0.2472E+00
   0.7750E+00   0.1085E+01  -0.4650E+00   0.3025E+00
   0.7750E+00   0.1085E+01  -0.1550E+00   0.3098E+00
   0.7750E+00   0.1085E+01   0.1550E+00   0.3098E+00
   0.7750E+00   0.1085E+01   0.4650E+00   0.3025E+00
   0.7750E+00   0.1085E+01   0.7750E+00   0.2472E+00
   0.7750E+00   0.1085E+01   0.1085E+01   0.9184E-01
   0.7750E+00   0.1395E+01  -0.7750E+00   0.3100E-01
   0.7750E+00   0.1395E+01  -0.4650E+00   0.1467E+00
   0.7750E+00   0.1395E+01  -0.1550E+00   0.2035E+00
   0.7750E+00   0.1395E+01   0.1550E+00   0.2035E+00
   0.7750E+00   0.1395E+01   0.4650E+00   0.1467E+00
   0.7750E+00   0.1395E+01   0.7750E+00   0.3100E-01
   0.1085E+01  -0.1085E+01  -0.7750E+00   0.9184E-01
   0.1085E+01  -0.1085E+01  -0.4650E+00   0.2001E+00
   0.1085E+01  -0.1085E+01  -0.1550E+00   0.2467E+00
   0.1085E+01  -0.1085E+01   0.1550E+00   0.2467E+00
   0.1085E+01  -0.1085E+01   0.4650E+00   0.2001E+00
   0.1085E+01  -0.1085E+01   0.7750E+00   0.9184E-01
   0.1085E+01  -0.7750E+00  -0.1085E+01   0.9184E-01
   0.1085E+01  -0.7750E+00  -0.7750E+00   0.2472E+00
   0.1085E+01  -0.7750E+00  -0.4650E+00   0.3025E+00
   0.1085E+01  -0.7750E+00  -0.1550E+00   0.3098E+00
   0.1085E+01  -0.7750E+00   0.1550E+00   0.3098E+00
   0.1085E+01  -0.7750E+00   0.4650E+00   0.3025E+00
   0.1085E+01  -0.7750E+00   0.7750E+00   0.2472E+00
   0.1085E+01  -0.7750E+00   0.1085E+01   0.9184E-01
   0.1085E+01  -0.4650E+00  -0.1085E+01   0.2001E+00
   0.1085E+01  -0.4650E+00  -0.7750E+00   0.3025E+00
   0.1085E+01  -0.4650E+00  -0.4650E+00   0.3100E+00
   0.1085E+01  -0.4650E+00  -0.1550E+00   0.3100E+00
   0.1085E+01  -0.4650E+00   0.1550E+00   0.3100E+00
   0.1085E+01  -0.4650E+00   0.4650E+00   0.3100E+00
   0.1085E+01  -0.4650E+00   0.7750E+00   0.3025E+00
   0.1085E+01  -0.4650E+00   0.1085E+01   0.2001E+00
   0.1085E+01  -0.1550E+00  -0.1085E+01   0.2467E+00
   0.1085E+01  -0.1550E+00  -0.7750E+00   0.3098E+00
   0.1085E+01  -0.1550E+00  -0.4650E+00   0.3100E+00
   0.1085E+01  -0.1550E+00  -0.1550E+00   0.3100E+00
   0.1085E+01  -0.1550E+00   0.1550E+00   0.3100E+00
   0.1085E+01  -0.1550E+00   0.4650E+00   0.3100E+00
   0.1085E+01  -0.1550E+00   0.7750E+00   0.3098E+00
   0.1085E+01  -0.1550E+00   0.1085E+01   0.2467E+00
   0.1085E+01   0.1550E+00  -0.1085E+01   0.2467E+00
   0.1085E+01   0.1550E+00  -0.7750E+00   0.3098E+00
   0.1085E+01   0.1550E+00  -0.4650E+00   0.3100E+00
   0.1085E+01   0.1550E+00  -0.1550E+00   0.3100E+00
   0.1085E+01   0.1550E+00   0.1550E+00   0.3100E+00
   0.1085E+01   0.1550E+00   0.4650E+00   0.3100E+00
   0.1085E+01   0.1550E+00   0.7750E+00   0.3098E+00
   0.1085E+01   0.1550E+00   0.1085E+01   0.2467E+00
   0.1085E+01   0.4650E+00  -0.1085E+01   0.2001E+00
   0.1085E+01   0.4650E+00  -0.7750E+00   0.3025E+00
   0.1085E+01   0.4650E+00  -0.4650E+00   0.3100E+00
   0.1085E+01   0.4650E+00  -0.1550E+00   0.3100E+00
   0.1085E+01   0.4650E+00   0.1550E+00   0.3100E+00
   0.1085E+01   0.4650E+00   0.4650E+00   0.3100E+00
   0.1085E+01   0.4650E+00   0.7750E+00   0.3025E+00
   0.1085E+01   0.4650E+00   0.1085E+01   0.2001E+00
   0.1085E+01   0.7750E+00  -0.1085E+01   0.9184E-01
   0.1085E+01   0.7750E+00  -0.7750E+00   0.2472E+00
   0.1085E+01   0.7750E+00  -0.4650E+00   0.3025E+00
   0.1085E+01   0.7750E+00  -0.1550E+00   0.3098E+00
   0.1085E+01   0.7750E+00   0.1550E+00   0.3098E+00
   0.1085E+01   0.7750E+00   0.4650E+00   0.3025E+00
   0.1085E+01   0.7750E+00   0.7750E+00   0.2472E+00
   0.1085E+01   0.7750E+00   0.1085E+01   0.9184E-01
   0.1085E+01   0.1085E+01  -0.7750E+00   0.9184E-01
   0.1085E+01   0.1085E+01  -0.4650E+00   0.2001E+00
   0.1085E+01   0.1085E+01  -0.1550E+00   0.2467E+00
   0.1085E+01   0.1085E+01   0.1550E+00   0.2467E+00
   0.1085E+01   0.1085E+01   0.4650E+00   0.2001E+00
   0.1085E+01   0.1085E+01   0.7750E+00   0.9184E-01
   0.1395E+01  -0.7750E+00  -0.7750E+00   0.3100E-01
   0.1395E+01  -0.7750E+00  -0.4650E+00   0.1467E+00
   0.1395E+01  -0.7750E+00  -0.1550E+00   0.2035E+00
   0.1395E+01  -0.7750E+00   0.1550E+00   0.2035E+00
   0.1395E+01  -0.7750E+00   0.4650E+00   0.1467E+00
   0.1395E+01  -0.7750E+00   0.7750E+00   0.3100E-01
   0.1395E+01  -0.4650E+00  -0.7750E+00   0.1467E+00
   0.1395E+01  -0.4650E+00  -0.4650E+00   0.2475E+00
   0.1395E+01  -0.4650E+00  -0.1550E+00   0.2785E+00
   0.1395E+01  -0.4650E+00   0.1550E+00   0.2785E+00
   0.1395E+01  -0.4650E+00   0.4650E+00   0.2475E+00
   0.1395E+01  -0.4650E+00   0.7750E+00   0.1467E+00
   0.1395E+01  -0.1550E+00  -0.7750E+00   0.2035E+00
   0.1395E+01  -0.1550E+00  -0.4650E+00   0.2785E+00
   0.1395E+01  -0.1550E+00  -0.1550E+00   0.3032E+00
   0.1395E+01  -0.1550E+00   0.1550E+00   0.3032E+00
   0.1395E+01  -0.1550E+00   0.4650E+00   0.2785E+00
   0.1395E+01  -0.1550E+00   0.7750E+00   0.2035E+00
   0.1395E+01   0.1550E+00  -0.7750E+00   0.2035E+00
   0.1395E+01   0.1550E+00  -0.4650E+00   0.2785E+00
   0.1395E+01   0.1550E+00  -0.1550E+00   0.3032E+00
   0.1395E+01   0.1550E+00   0.1550E+00   0.3032E+00
   0.1395E+01   0.1550E+00   0.4650E+00   0.2785E+00
   0.1395E+01   0.1550E+00   0.7750E+00   0.2035E+00
   0.1395E+01   0.4650E+00  -0.7750E+00   0.1467E+00
   0.1395E+01   0.4650E+00  -0.4650E+00   0.2475E+00
   0.1395E+01   0.4650E+00  -0.1550E+00   0.2785E+00
   0.1395E+01   0.4650E+00   0.1550E+00   0.2785E+00
   0.1395E+01   0.4650E+00   0.4650E+00   0.2475E+00
   0.1395E+01   0.4650E+00   0.7750E+00   0.1467E+00
   0.1395E+01   0.7750E+00  -0.7750E+00   0.3100E-01
   0.1395E+01   0.7750E+00  -0.4650E+00   0.1467E+00
   0.1395E+01   0.7750E+00  -0.1550E+00   0.2035E+00
   0.1395E+01   0.7750E+00   0.1550E+00   0.2035E+00
   0.1395E+01   0.7750E+00   0.4650E+00   0.1467E+00
   0.1395E+01   0.7750E+00   0.7750E+00   0.3100E-01
   15.6099672    
   15.5985308    
