   52
 0.000000000000 0.000000000000
 0.285599350929 1.256637096405
 0.285599350929 2.513274192810
 0.285599350929 3.769911289215
 0.285599350929 5.026548385620
 0.285599350929 6.283185482025
 0.571198701859 1.256637096405
 0.571198701859 2.513274192810
 0.571198701859 3.769911289215
 0.571198701859 5.026548385620
 0.571198701859 6.283185482025
 0.856798052788 1.256637096405
 0.856798052788 2.513274192810
 0.856798052788 3.769911289215
 0.856798052788 5.026548385620
 0.856798052788 6.283185482025
 1.142397403717 1.256637096405
 1.142397403717 2.513274192810
 1.142397403717 3.769911289215
 1.142397403717 5.026548385620
 1.142397403717 6.283185482025
 1.427996754646 1.256637096405
 1.427996754646 2.513274192810
 1.427996754646 3.769911289215
 1.427996754646 5.026548385620
 1.427996754646 6.283185482025
 1.713596105576 1.256637096405
 1.713596105576 2.513274192810
 1.713596105576 3.769911289215
 1.713596105576 5.026548385620
 1.713596105576 6.283185482025
 1.999195456505 1.256637096405
 1.999195456505 2.513274192810
 1.999195456505 3.769911289215
 1.999195456505 5.026548385620
 1.999195456505 6.283185482025
 2.284794807434 1.256637096405
 2.284794807434 2.513274192810
 2.284794807434 3.769911289215
 2.284794807434 5.026548385620
 2.284794807434 6.283185482025
 2.570394039154 1.256637096405
 2.570394039154 2.513274192810
 2.570394039154 3.769911289215
 2.570394039154 5.026548385620
 2.570394039154 6.283185482025
 2.855993509293 1.256637096405
 2.855993509293 2.513274192810
 2.855993509293 3.769911289215
 2.855993509293 5.026548385620
 2.855993509293 6.283185482025
 3.141592741013 0.000000000000
  0.970736921       99999.0000               1           1
