 This is supposed to be figure 3 from the dissertation                                                                     
         117
   10.0000000       0.00000000       0.00000000       0.00000000       0.00000000       1.54999995    
   1.43750000      0.120000005      0.620000005    
  -0.1240E+01  -0.1240E+01  -0.6200E+00   0.2067E+00
  -0.1240E+01  -0.1240E+01   0.0000E+00   0.2981E+00
  -0.1240E+01  -0.1240E+01   0.6200E+00   0.2067E+00
  -0.1240E+01  -0.6200E+00  -0.1240E+01   0.2067E+00
  -0.1240E+01  -0.6200E+00  -0.6200E+00   0.4981E+00
  -0.1240E+01  -0.6200E+00   0.0000E+00   0.5702E+00
  -0.1240E+01  -0.6200E+00   0.6200E+00   0.4981E+00
  -0.1240E+01  -0.6200E+00   0.1240E+01   0.2067E+00
  -0.1240E+01   0.0000E+00  -0.1240E+01   0.2981E+00
  -0.1240E+01   0.0000E+00  -0.6200E+00   0.5702E+00
  -0.1240E+01   0.0000E+00   0.0000E+00   0.6200E+00
  -0.1240E+01   0.0000E+00   0.6200E+00   0.5702E+00
  -0.1240E+01   0.0000E+00   0.1240E+01   0.2981E+00
  -0.1240E+01   0.6200E+00  -0.1240E+01   0.2067E+00
  -0.1240E+01   0.6200E+00  -0.6200E+00   0.4981E+00
  -0.1240E+01   0.6200E+00   0.0000E+00   0.5702E+00
  -0.1240E+01   0.6200E+00   0.6200E+00   0.4981E+00
  -0.1240E+01   0.6200E+00   0.1240E+01   0.2067E+00
  -0.1240E+01   0.1240E+01  -0.6200E+00   0.2067E+00
  -0.1240E+01   0.1240E+01   0.0000E+00   0.2981E+00
  -0.1240E+01   0.1240E+01   0.6200E+00   0.2067E+00
  -0.6200E+00  -0.1240E+01  -0.1240E+01   0.2067E+00
  -0.6200E+00  -0.1240E+01  -0.6200E+00   0.4981E+00
  -0.6200E+00  -0.1240E+01   0.0000E+00   0.5702E+00
  -0.6200E+00  -0.1240E+01   0.6200E+00   0.4981E+00
  -0.6200E+00  -0.1240E+01   0.1240E+01   0.2067E+00
  -0.6200E+00  -0.6200E+00  -0.1240E+01   0.4981E+00
  -0.6200E+00  -0.6200E+00  -0.6200E+00   0.6200E+00
  -0.6200E+00  -0.6200E+00   0.0000E+00   0.6200E+00
  -0.6200E+00  -0.6200E+00   0.6200E+00   0.6200E+00
  -0.6200E+00  -0.6200E+00   0.1240E+01   0.4981E+00
  -0.6200E+00   0.0000E+00  -0.1240E+01   0.5702E+00
  -0.6200E+00   0.0000E+00  -0.6200E+00   0.6200E+00
  -0.6200E+00   0.0000E+00   0.0000E+00   0.6200E+00
  -0.6200E+00   0.0000E+00   0.6200E+00   0.6200E+00
  -0.6200E+00   0.0000E+00   0.1240E+01   0.5702E+00
  -0.6200E+00   0.6200E+00  -0.1240E+01   0.4981E+00
  -0.6200E+00   0.6200E+00  -0.6200E+00   0.6200E+00
  -0.6200E+00   0.6200E+00   0.0000E+00   0.6200E+00
  -0.6200E+00   0.6200E+00   0.6200E+00   0.6200E+00
  -0.6200E+00   0.6200E+00   0.1240E+01   0.4981E+00
  -0.6200E+00   0.1240E+01  -0.1240E+01   0.2067E+00
  -0.6200E+00   0.1240E+01  -0.6200E+00   0.4981E+00
  -0.6200E+00   0.1240E+01   0.0000E+00   0.5702E+00
  -0.6200E+00   0.1240E+01   0.6200E+00   0.4981E+00
  -0.6200E+00   0.1240E+01   0.1240E+01   0.2067E+00
   0.0000E+00  -0.1240E+01  -0.1240E+01   0.2981E+00
   0.0000E+00  -0.1240E+01  -0.6200E+00   0.5702E+00
   0.0000E+00  -0.1240E+01   0.0000E+00   0.6200E+00
   0.0000E+00  -0.1240E+01   0.6200E+00   0.5702E+00
   0.0000E+00  -0.1240E+01   0.1240E+01   0.2981E+00
   0.0000E+00  -0.6200E+00  -0.1240E+01   0.5702E+00
   0.0000E+00  -0.6200E+00  -0.6200E+00   0.6200E+00
   0.0000E+00  -0.6200E+00   0.0000E+00   0.6200E+00
   0.0000E+00  -0.6200E+00   0.6200E+00   0.6200E+00
   0.0000E+00  -0.6200E+00   0.1240E+01   0.5702E+00
   0.0000E+00   0.0000E+00  -0.1240E+01   0.6200E+00
   0.0000E+00   0.0000E+00  -0.6200E+00   0.6200E+00
   0.0000E+00   0.0000E+00   0.0000E+00   0.6200E+00
   0.0000E+00   0.0000E+00   0.6200E+00   0.6200E+00
   0.0000E+00   0.0000E+00   0.1240E+01   0.6200E+00
   0.0000E+00   0.6200E+00  -0.1240E+01   0.5702E+00
   0.0000E+00   0.6200E+00  -0.6200E+00   0.6200E+00
   0.0000E+00   0.6200E+00   0.0000E+00   0.6200E+00
   0.0000E+00   0.6200E+00   0.6200E+00   0.6200E+00
   0.0000E+00   0.6200E+00   0.1240E+01   0.5702E+00
   0.0000E+00   0.1240E+01  -0.1240E+01   0.2981E+00
   0.0000E+00   0.1240E+01  -0.6200E+00   0.5702E+00
   0.0000E+00   0.1240E+01   0.0000E+00   0.6200E+00
   0.0000E+00   0.1240E+01   0.6200E+00   0.5702E+00
   0.0000E+00   0.1240E+01   0.1240E+01   0.2981E+00
   0.6200E+00  -0.1240E+01  -0.1240E+01   0.2067E+00
   0.6200E+00  -0.1240E+01  -0.6200E+00   0.4981E+00
   0.6200E+00  -0.1240E+01   0.0000E+00   0.5702E+00
   0.6200E+00  -0.1240E+01   0.6200E+00   0.4981E+00
   0.6200E+00  -0.1240E+01   0.1240E+01   0.2067E+00
   0.6200E+00  -0.6200E+00  -0.1240E+01   0.4981E+00
   0.6200E+00  -0.6200E+00  -0.6200E+00   0.6200E+00
   0.6200E+00  -0.6200E+00   0.0000E+00   0.6200E+00
   0.6200E+00  -0.6200E+00   0.6200E+00   0.6200E+00
   0.6200E+00  -0.6200E+00   0.1240E+01   0.4981E+00
   0.6200E+00   0.0000E+00  -0.1240E+01   0.5702E+00
   0.6200E+00   0.0000E+00  -0.6200E+00   0.6200E+00
   0.6200E+00   0.0000E+00   0.0000E+00   0.6200E+00
   0.6200E+00   0.0000E+00   0.6200E+00   0.6200E+00
   0.6200E+00   0.0000E+00   0.1240E+01   0.5702E+00
   0.6200E+00   0.6200E+00  -0.1240E+01   0.4981E+00
   0.6200E+00   0.6200E+00  -0.6200E+00   0.6200E+00
   0.6200E+00   0.6200E+00   0.0000E+00   0.6200E+00
   0.6200E+00   0.6200E+00   0.6200E+00   0.6200E+00
   0.6200E+00   0.6200E+00   0.1240E+01   0.4981E+00
   0.6200E+00   0.1240E+01  -0.1240E+01   0.2067E+00
   0.6200E+00   0.1240E+01  -0.6200E+00   0.4981E+00
   0.6200E+00   0.1240E+01   0.0000E+00   0.5702E+00
   0.6200E+00   0.1240E+01   0.6200E+00   0.4981E+00
   0.6200E+00   0.1240E+01   0.1240E+01   0.2067E+00
   0.1240E+01  -0.1240E+01  -0.6200E+00   0.2067E+00
   0.1240E+01  -0.1240E+01   0.0000E+00   0.2981E+00
   0.1240E+01  -0.1240E+01   0.6200E+00   0.2067E+00
   0.1240E+01  -0.6200E+00  -0.1240E+01   0.2067E+00
   0.1240E+01  -0.6200E+00  -0.6200E+00   0.4981E+00
   0.1240E+01  -0.6200E+00   0.0000E+00   0.5702E+00
   0.1240E+01  -0.6200E+00   0.6200E+00   0.4981E+00
   0.1240E+01  -0.6200E+00   0.1240E+01   0.2067E+00
   0.1240E+01   0.0000E+00  -0.1240E+01   0.2981E+00
   0.1240E+01   0.0000E+00  -0.6200E+00   0.5702E+00
   0.1240E+01   0.0000E+00   0.0000E+00   0.6200E+00
   0.1240E+01   0.0000E+00   0.6200E+00   0.5702E+00
   0.1240E+01   0.0000E+00   0.1240E+01   0.2981E+00
   0.1240E+01   0.6200E+00  -0.1240E+01   0.2067E+00
   0.1240E+01   0.6200E+00  -0.6200E+00   0.4981E+00
   0.1240E+01   0.6200E+00   0.0000E+00   0.5702E+00
   0.1240E+01   0.6200E+00   0.6200E+00   0.4981E+00
   0.1240E+01   0.6200E+00   0.1240E+01   0.2067E+00
   0.1240E+01   0.1240E+01  -0.6200E+00   0.2067E+00
   0.1240E+01   0.1240E+01   0.0000E+00   0.2981E+00
   0.1240E+01   0.1240E+01   0.6200E+00   0.2067E+00
   15.8090925    
   15.5985308    
