 Madison2                                                                        
          93
   10.0000000       0.00000000       0.00000000       0.00000000       0.00000000       1.54999995    
   1.43750000      0.120000005      0.774999976    
  -0.1550E+01  -0.1550E+01  -0.7750E+00   0.1953E+00
  -0.1550E+01  -0.1550E+01   0.0000E+00   0.3823E+00
  -0.1550E+01  -0.1550E+01   0.7750E+00   0.1953E+00
  -0.1550E+01  -0.7750E+00  -0.7750E+00   0.5633E+00
  -0.1550E+01  -0.7750E+00   0.0000E+00   0.7023E+00
  -0.1550E+01  -0.7750E+00   0.7750E+00   0.5633E+00
  -0.1550E+01   0.0000E+00  -0.7750E+00   0.6418E+00
  -0.1550E+01   0.0000E+00   0.0000E+00   0.7750E+00
  -0.1550E+01   0.0000E+00   0.7750E+00   0.6418E+00
  -0.1550E+01   0.7750E+00  -0.7750E+00   0.5633E+00
  -0.1550E+01   0.7750E+00   0.0000E+00   0.7023E+00
  -0.1550E+01   0.7750E+00   0.7750E+00   0.5633E+00
  -0.1550E+01   0.1550E+01  -0.7750E+00   0.1953E+00
  -0.1550E+01   0.1550E+01   0.0000E+00   0.3823E+00
  -0.1550E+01   0.1550E+01   0.7750E+00   0.1953E+00
  -0.7750E+00  -0.1550E+01  -0.7750E+00   0.5633E+00
  -0.7750E+00  -0.1550E+01   0.0000E+00   0.7023E+00
  -0.7750E+00  -0.1550E+01   0.7750E+00   0.5633E+00
  -0.7750E+00  -0.7750E+00  -0.1550E+01   0.3906E+00
  -0.7750E+00  -0.7750E+00  -0.7750E+00   0.7687E+00
  -0.7750E+00  -0.7750E+00   0.0000E+00   0.7750E+00
  -0.7750E+00  -0.7750E+00   0.7750E+00   0.7687E+00
  -0.7750E+00  -0.7750E+00   0.1550E+01   0.3906E+00
  -0.7750E+00   0.0000E+00  -0.1550E+01   0.5301E+00
  -0.7750E+00   0.0000E+00  -0.7750E+00   0.7750E+00
  -0.7750E+00   0.0000E+00   0.0000E+00   0.7750E+00
  -0.7750E+00   0.0000E+00   0.7750E+00   0.7750E+00
  -0.7750E+00   0.0000E+00   0.1550E+01   0.5301E+00
  -0.7750E+00   0.7750E+00  -0.1550E+01   0.3906E+00
  -0.7750E+00   0.7750E+00  -0.7750E+00   0.7687E+00
  -0.7750E+00   0.7750E+00   0.0000E+00   0.7750E+00
  -0.7750E+00   0.7750E+00   0.7750E+00   0.7687E+00
  -0.7750E+00   0.7750E+00   0.1550E+01   0.3906E+00
  -0.7750E+00   0.1550E+01  -0.7750E+00   0.5633E+00
  -0.7750E+00   0.1550E+01   0.0000E+00   0.7023E+00
  -0.7750E+00   0.1550E+01   0.7750E+00   0.5633E+00
   0.0000E+00  -0.1550E+01  -0.7750E+00   0.6418E+00
   0.0000E+00  -0.1550E+01   0.0000E+00   0.7750E+00
   0.0000E+00  -0.1550E+01   0.7750E+00   0.6418E+00
   0.0000E+00  -0.7750E+00  -0.1550E+01   0.5301E+00
   0.0000E+00  -0.7750E+00  -0.7750E+00   0.7750E+00
   0.0000E+00  -0.7750E+00   0.0000E+00   0.7750E+00
   0.0000E+00  -0.7750E+00   0.7750E+00   0.7750E+00
   0.0000E+00  -0.7750E+00   0.1550E+01   0.5301E+00
   0.0000E+00   0.0000E+00  -0.1550E+01   0.5748E+00
   0.0000E+00   0.0000E+00  -0.7750E+00   0.7750E+00
   0.0000E+00   0.0000E+00   0.0000E+00   0.7750E+00
   0.0000E+00   0.0000E+00   0.7750E+00   0.7750E+00
   0.0000E+00   0.0000E+00   0.1550E+01   0.5748E+00
   0.0000E+00   0.7750E+00  -0.1550E+01   0.5301E+00
   0.0000E+00   0.7750E+00  -0.7750E+00   0.7750E+00
   0.0000E+00   0.7750E+00   0.0000E+00   0.7750E+00
   0.0000E+00   0.7750E+00   0.7750E+00   0.7750E+00
   0.0000E+00   0.7750E+00   0.1550E+01   0.5301E+00
   0.0000E+00   0.1550E+01  -0.7750E+00   0.6418E+00
   0.0000E+00   0.1550E+01   0.0000E+00   0.7750E+00
   0.0000E+00   0.1550E+01   0.7750E+00   0.6418E+00
   0.7750E+00  -0.1550E+01  -0.7750E+00   0.5633E+00
   0.7750E+00  -0.1550E+01   0.0000E+00   0.7023E+00
   0.7750E+00  -0.1550E+01   0.7750E+00   0.5633E+00
   0.7750E+00  -0.7750E+00  -0.1550E+01   0.3906E+00
   0.7750E+00  -0.7750E+00  -0.7750E+00   0.7687E+00
   0.7750E+00  -0.7750E+00   0.0000E+00   0.7750E+00
   0.7750E+00  -0.7750E+00   0.7750E+00   0.7687E+00
   0.7750E+00  -0.7750E+00   0.1550E+01   0.3906E+00
   0.7750E+00   0.0000E+00  -0.1550E+01   0.5301E+00
   0.7750E+00   0.0000E+00  -0.7750E+00   0.7750E+00
   0.7750E+00   0.0000E+00   0.0000E+00   0.7750E+00
   0.7750E+00   0.0000E+00   0.7750E+00   0.7750E+00
   0.7750E+00   0.0000E+00   0.1550E+01   0.5301E+00
   0.7750E+00   0.7750E+00  -0.1550E+01   0.3906E+00
   0.7750E+00   0.7750E+00  -0.7750E+00   0.7687E+00
   0.7750E+00   0.7750E+00   0.0000E+00   0.7750E+00
   0.7750E+00   0.7750E+00   0.7750E+00   0.7687E+00
   0.7750E+00   0.7750E+00   0.1550E+01   0.3906E+00
   0.7750E+00   0.1550E+01  -0.7750E+00   0.5633E+00
   0.7750E+00   0.1550E+01   0.0000E+00   0.7023E+00
   0.7750E+00   0.1550E+01   0.7750E+00   0.5633E+00
   0.1550E+01  -0.1550E+01  -0.7750E+00   0.1953E+00
   0.1550E+01  -0.1550E+01   0.0000E+00   0.3823E+00
   0.1550E+01  -0.1550E+01   0.7750E+00   0.1953E+00
   0.1550E+01  -0.7750E+00  -0.7750E+00   0.5633E+00
   0.1550E+01  -0.7750E+00   0.0000E+00   0.7023E+00
   0.1550E+01  -0.7750E+00   0.7750E+00   0.5633E+00
   0.1550E+01   0.0000E+00  -0.7750E+00   0.6418E+00
   0.1550E+01   0.0000E+00   0.0000E+00   0.7750E+00
   0.1550E+01   0.0000E+00   0.7750E+00   0.6418E+00
   0.1550E+01   0.7750E+00  -0.7750E+00   0.5633E+00
   0.1550E+01   0.7750E+00   0.0000E+00   0.7023E+00
   0.1550E+01   0.7750E+00   0.7750E+00   0.5633E+00
   0.1550E+01   0.1550E+01  -0.7750E+00   0.1953E+00
   0.1550E+01   0.1550E+01   0.0000E+00   0.3823E+00
   0.1550E+01   0.1550E+01   0.7750E+00   0.1953E+00
   24.4174442    
   15.5985308    
