 Madison3                                                                        
          67
   10.0000000       0.00000000       0.00000000       0.00000000       0.00000000       1.54999995    
   1.43750000      0.120000005       1.24000001    
  -0.2480E+01  -0.2480E+01   0.0000E+00   0.5515E+00
  -0.2480E+01  -0.1240E+01  -0.1240E+01   0.6116E+00
  -0.2480E+01  -0.1240E+01   0.0000E+00   0.1099E+01
  -0.2480E+01  -0.1240E+01   0.1240E+01   0.6116E+00
  -0.2480E+01   0.0000E+00  -0.1240E+01   0.7252E+00
  -0.2480E+01   0.0000E+00   0.0000E+00   0.1206E+01
  -0.2480E+01   0.0000E+00   0.1240E+01   0.7252E+00
  -0.2480E+01   0.1240E+01  -0.1240E+01   0.6116E+00
  -0.2480E+01   0.1240E+01   0.0000E+00   0.1099E+01
  -0.2480E+01   0.1240E+01   0.1240E+01   0.6116E+00
  -0.2480E+01   0.2480E+01   0.0000E+00   0.5515E+00
  -0.1240E+01  -0.2480E+01  -0.1240E+01   0.6116E+00
  -0.1240E+01  -0.2480E+01   0.0000E+00   0.1099E+01
  -0.1240E+01  -0.2480E+01   0.1240E+01   0.6116E+00
  -0.1240E+01  -0.1240E+01  -0.1240E+01   0.9816E+00
  -0.1240E+01  -0.1240E+01   0.0000E+00   0.1240E+01
  -0.1240E+01  -0.1240E+01   0.1240E+01   0.9816E+00
  -0.1240E+01   0.0000E+00  -0.1240E+01   0.1060E+01
  -0.1240E+01   0.0000E+00   0.0000E+00   0.1240E+01
  -0.1240E+01   0.0000E+00   0.1240E+01   0.1060E+01
  -0.1240E+01   0.1240E+01  -0.1240E+01   0.9816E+00
  -0.1240E+01   0.1240E+01   0.0000E+00   0.1240E+01
  -0.1240E+01   0.1240E+01   0.1240E+01   0.9816E+00
  -0.1240E+01   0.2480E+01  -0.1240E+01   0.6116E+00
  -0.1240E+01   0.2480E+01   0.0000E+00   0.1099E+01
  -0.1240E+01   0.2480E+01   0.1240E+01   0.6116E+00
   0.0000E+00  -0.2480E+01  -0.1240E+01   0.7252E+00
   0.0000E+00  -0.2480E+01   0.0000E+00   0.1206E+01
   0.0000E+00  -0.2480E+01   0.1240E+01   0.7252E+00
   0.0000E+00  -0.1240E+01  -0.1240E+01   0.1060E+01
   0.0000E+00  -0.1240E+01   0.0000E+00   0.1240E+01
   0.0000E+00  -0.1240E+01   0.1240E+01   0.1060E+01
   0.0000E+00   0.0000E+00  -0.1240E+01   0.1151E+01
   0.0000E+00   0.0000E+00   0.0000E+00   0.1240E+01
   0.0000E+00   0.0000E+00   0.1240E+01   0.1151E+01
   0.0000E+00   0.1240E+01  -0.1240E+01   0.1060E+01
   0.0000E+00   0.1240E+01   0.0000E+00   0.1240E+01
   0.0000E+00   0.1240E+01   0.1240E+01   0.1060E+01
   0.0000E+00   0.2480E+01  -0.1240E+01   0.7252E+00
   0.0000E+00   0.2480E+01   0.0000E+00   0.1206E+01
   0.0000E+00   0.2480E+01   0.1240E+01   0.7252E+00
   0.1240E+01  -0.2480E+01  -0.1240E+01   0.6116E+00
   0.1240E+01  -0.2480E+01   0.0000E+00   0.1099E+01
   0.1240E+01  -0.2480E+01   0.1240E+01   0.6116E+00
   0.1240E+01  -0.1240E+01  -0.1240E+01   0.9816E+00
   0.1240E+01  -0.1240E+01   0.0000E+00   0.1240E+01
   0.1240E+01  -0.1240E+01   0.1240E+01   0.9816E+00
   0.1240E+01   0.0000E+00  -0.1240E+01   0.1060E+01
   0.1240E+01   0.0000E+00   0.0000E+00   0.1240E+01
   0.1240E+01   0.0000E+00   0.1240E+01   0.1060E+01
   0.1240E+01   0.1240E+01  -0.1240E+01   0.9816E+00
   0.1240E+01   0.1240E+01   0.0000E+00   0.1240E+01
   0.1240E+01   0.1240E+01   0.1240E+01   0.9816E+00
   0.1240E+01   0.2480E+01  -0.1240E+01   0.6116E+00
   0.1240E+01   0.2480E+01   0.0000E+00   0.1099E+01
   0.1240E+01   0.2480E+01   0.1240E+01   0.6116E+00
   0.2480E+01  -0.2480E+01   0.0000E+00   0.5515E+00
   0.2480E+01  -0.1240E+01  -0.1240E+01   0.6116E+00
   0.2480E+01  -0.1240E+01   0.0000E+00   0.1099E+01
   0.2480E+01  -0.1240E+01   0.1240E+01   0.6116E+00
   0.2480E+01   0.0000E+00  -0.1240E+01   0.7252E+00
   0.2480E+01   0.0000E+00   0.0000E+00   0.1206E+01
   0.2480E+01   0.0000E+00   0.1240E+01   0.7252E+00
   0.2480E+01   0.1240E+01  -0.1240E+01   0.6116E+00
   0.2480E+01   0.1240E+01   0.0000E+00   0.1099E+01
   0.2480E+01   0.1240E+01   0.1240E+01   0.6116E+00
   0.2480E+01   0.2480E+01   0.0000E+00   0.5515E+00
   62.3084717    
   15.5985308    
